# Poids couche 1: (100, 10)
#Donnée 1
-0.0409242998
-0.0943486883
0.0959606198
-0.0725928550
-0.0010739852
0.0950987780
0.0026176236
-0.0880774727
-0.0629518591
0.0710407138
# Donnée 2
-0.0205833067
-0.0039499506
0.0946620888
0.0269804231
-0.0974097993
0.0527191810
-0.0991064798
0.0202124043
-0.0495925159
0.0738691862
# Donnée 3
0.0787148739
-0.0804542675
0.0179500901
-0.0468859433
-0.0637084294
-0.0392660253
-0.0160584613
0.0687749199
-0.0052467428
0.0329675516
# Donnée 4
0.0218170747
0.0523534966
0.0914971241
0.0517552244
0.0040149479
-0.0373938666
-0.0276587974
-0.0303441528
0.0421284335
0.0519758769
# Donnée 5
-0.0719241115
0.0877860939
0.0903667719
0.0250536250
0.0002760558
-0.0019377573
-0.0935149564
-0.0126586129
0.0932021280
-0.0344768761
# Donnée 6
0.0352370771
0.0293238066
0.0016456582
-0.0271393590
-0.0560116696
-0.0444743528
0.0757075412
0.0148520102
0.0229867675
-0.0026043753
# Donnée 7
-0.0095907973
-0.0256686955
0.0980792890
-0.0389044350
0.0163892820
-0.0891166388
0.0411750167
0.0552323864
-0.0077691417
-0.0254658595
# Donnée 8
-0.0114848442
-0.0800977791
-0.0982676046
0.0995928990
0.0978094248
0.0897541332
-0.0656733425
0.0279956072
-0.0918452956
0.0067160267
# Donnée 9
-0.0546415833
0.0015011945
-0.0769587618
0.0468501071
0.0932181324
0.0882502658
0.0111799204
-0.0512606316
-0.0455168297
0.0175904004
# Donnée 10
-0.0737809945
-0.0709116211
0.0776512531
-0.0812796369
-0.0865901058
0.0381336624
-0.0904806562
-0.0874841989
0.0021398683
-0.0862284550
# Donnée 11
0.0311644050
-0.0844787314
-0.0823205874
-0.0605943544
-0.0554831151
-0.0871491022
0.0970123662
0.0590189211
0.0894356649
0.0117003883
# Donnée 12
0.0980995662
-0.0246216157
0.0689423321
0.0831003581
-0.0739230731
-0.0859822537
-0.0886719201
-0.0324766479
-0.0800638965
-0.0908545010
# Donnée 13
-0.0841687614
0.0502749004
0.0826728396
0.0155167515
-0.0801081938
-0.0905961567
0.0498582375
-0.0799296296
-0.0366382124
0.0194097585
# Donnée 14
0.0288772974
-0.0579106450
-0.0662663759
-0.0091709194
-0.0086603981
-0.0786433364
-0.0904312828
0.0617741742
-0.0532522280
-0.0868252332
# Donnée 15
-0.0034527832
-0.0812271022
0.0950713669
-0.0968507080
0.0245766697
-0.0217858595
0.0050172034
0.0183271393
0.0562514055
0.0424151557
# Donnée 16
0.0282163033
-0.0320742815
-0.0118263705
-0.0480468369
0.0998609792
0.0399331088
0.0716080335
-0.0545875866
0.0856065883
0.0076842824
# Donnée 17
0.0726414431
0.0874320756
0.0066261530
-0.0016160553
0.0123003846
0.0011379543
-0.0636721567
-0.0082270462
-0.0739001531
-0.0156928698
# Donnée 18
-0.0193817773
-0.0390571516
-0.0766359815
0.0266033074
-0.0558463512
0.0580647859
0.0916216325
0.0132128858
0.0858536153
-0.0078099808
# Donnée 19
0.0485523771
-0.0440984004
-0.0849465419
-0.0159876395
-0.0459851419
0.0695879291
-0.0250987647
-0.0886472157
0.0162823695
0.0032196615
# Donnée 20
-0.0672582797
0.0858725937
0.0507477386
0.0024098809
0.0277915036
-0.0271603764
-0.0195576844
-0.0918653959
-0.0349262938
-0.0117563322
# Donnée 21
0.0772692742
0.0428048555
0.0879813306
0.0284518711
0.0422006709
-0.0950817982
-0.0110900112
0.0861219521
0.0058739802
0.0748676175
# Donnée 22
-0.0684310586
0.0221108836
-0.0859166530
-0.0070926279
0.0074434590
0.0919752256
-0.0884608734
-0.0265945506
-0.0069186982
0.0009645077
# Donnée 23
0.0063955511
-0.0210086220
0.0377411244
0.0241297998
-0.0425373441
0.0456768299
-0.0237527016
-0.0576662827
0.0386062656
-0.0761832102
# Donnée 24
-0.0666848468
-0.0794586934
-0.0801702381
-0.0063337406
0.0365225488
-0.0573423317
0.0961872729
0.0820304699
-0.0145035926
-0.0579061982
# Donnée 25
0.0827736584
0.0130105534
0.0522916817
0.0006165393
0.0009796364
-0.0459537336
-0.0808358418
-0.0367849577
-0.0150443782
0.0135670011
# Donnée 26
-0.0729506209
0.0716966684
-0.0049493039
0.0057807526
0.0253123651
-0.0669312243
-0.0585786549
-0.0864226925
-0.0890211283
0.0631543738
# Donnée 27
-0.0900365454
-0.0615242117
0.0901846390
-0.0103792009
0.0976657335
-0.0878865648
0.0833440029
0.0197444587
0.0922211505
0.0987155495
# Donnée 28
0.0529338943
0.0631802622
-0.0554094166
0.0341609373
0.0323013691
0.0261551882
0.0991184857
-0.0110068366
-0.0078239072
-0.0121694242
# Donnée 29
0.0792261193
0.0222530849
-0.0615092026
0.0516735257
-0.0038869407
-0.0554467800
0.0162326766
-0.0981677273
0.0643318841
0.0775760899
# Donnée 30
0.0216308545
-0.0438076397
0.0715992966
0.0233441220
-0.0362577150
0.0843424185
-0.0203018487
-0.0334352082
-0.0574601008
0.0315532199
# Donnée 31
-0.0081103228
0.0881791530
0.0595617399
-0.0891980731
-0.0534295091
-0.0393220625
0.0811908182
0.0846712094
0.0748413126
-0.0831987512
# Donnée 32
0.0065992529
0.0352583886
0.0194888295
-0.0225636597
0.0273436484
-0.0207376619
-0.0299483129
-0.0223103855
-0.0542542491
0.0445466477
# Donnée 33
-0.0149763370
-0.0036615098
-0.0094875901
-0.0775196726
0.0331437738
-0.0440057152
0.0164076213
0.0395070734
0.0090834401
0.0934735089
# Donnée 34
-0.0596479947
-0.0411364053
-0.0827969888
-0.0661196942
-0.0043968438
0.0894860015
0.0591432693
-0.0835317406
0.0683397254
-0.0215620635
# Donnée 35
0.0583998028
-0.0683025336
-0.0521997070
-0.0707659348
0.0310682907
-0.0992072414
-0.0687798100
0.0252730537
0.0855246976
-0.0060841170
# Donnée 36
0.0735333765
-0.0217682202
-0.0217521393
0.0301729454
0.0858974025
-0.0303240037
0.0682768929
-0.0541474045
-0.0939822606
-0.0429821007
# Donnée 37
0.0227677931
-0.0210779604
-0.0796789625
0.0878978793
-0.0995468361
0.0797511803
-0.0804496861
-0.0394548453
0.0382779641
-0.0990543520
# Donnée 38
0.0833670622
-0.0353348062
0.0389437919
-0.0895361271
0.0270491427
-0.0011558880
-0.0049898344
-0.0220982849
0.0950234978
0.0863207958
# Donnée 39
0.0109847435
-0.0215141040
-0.0178518635
-0.0858759889
0.0737468428
0.0443264195
-0.0212476646
-0.0389921586
0.0013907261
0.0219087600
# Donnée 40
-0.0765852022
-0.0329528417
0.0780936679
0.0938255731
-0.0778556744
0.0641541152
-0.0782181549
-0.0562004473
-0.0499088823
0.0798218309
# Donnée 41
-0.0471853190
0.0018850179
-0.0104416738
0.0317201549
-0.0542126226
0.0207201500
-0.0859927465
0.0413136175
-0.0728585969
-0.0771304959
# Donnée 42
-0.0542334623
-0.0279647069
0.0161597585
0.0514729356
-0.0516186820
-0.0463937674
0.0654092705
0.0893760146
-0.0784766839
-0.0230885441
# Donnée 43
-0.0638327376
0.0948552052
0.0359639909
0.0511303270
-0.0331928338
0.0641195548
-0.0306392772
0.0264953089
0.0098408904
-0.0002721718
# Donnée 44
0.0245389906
0.0889988398
0.0598895739
0.0030036219
0.0781156814
-0.0159077799
-0.0257849911
0.0640596536
0.0063851452
-0.0766435542
# Donnée 45
-0.0959840950
-0.0176889318
0.0725376879
-0.0690508306
0.0252834792
0.0452279490
-0.0111989472
-0.0092099849
0.0952289172
-0.0920143979
# Donnée 46
0.0588931639
-0.0396349921
0.0177039020
-0.0603511116
-0.0936192463
0.0421609353
0.0685408290
-0.0247383516
0.0003710366
0.0087720285
# Donnée 47
0.0921539872
0.0932718133
-0.0992482205
-0.0046324275
-0.0923686325
-0.0828394079
0.0342012822
-0.0172967452
0.0877775937
0.0719485270
# Donnée 48
-0.0854527023
0.0393879505
-0.0915407271
-0.0485249850
-0.0410135495
0.0253699922
0.0080670351
-0.0856086781
-0.0477695349
-0.0912411847
# Donnée 49
-0.0595723644
-0.0361905846
-0.0055897382
-0.0592194431
-0.0068075663
0.0709424878
-0.0470422451
0.0259786258
0.0170033134
0.0663747845
# Donnée 50
-0.0873171112
0.0198548831
-0.0516898087
-0.0404031877
0.0566601205
-0.0468832523
-0.0149069233
-0.0465458143
-0.0712985424
-0.0960058880
# Donnée 51
-0.0161409486
0.0387928533
-0.0437117520
0.0109562300
-0.0101698311
-0.0170332698
0.0777039942
0.0104949140
0.0986763710
-0.0386905899
# Donnée 52
0.0655070248
0.0183131884
-0.0550956520
-0.0062705962
0.0151767223
-0.0326444442
-0.0461994963
-0.0985687597
0.0975290230
-0.0251204693
# Donnée 53
-0.0675327545
-0.0313078218
-0.0304334457
0.0229716687
0.0425474993
0.0124803309
0.0823470919
-0.0029963950
-0.0768688670
0.0191541463
# Donnée 54
0.0109856183
0.0741840230
0.0852779046
-0.0420751944
0.0271968215
-0.0021496993
-0.0145182830
0.0886995011
-0.0475301200
-0.0308410509
# Donnée 55
-0.0334410075
0.0148929667
-0.0886866758
-0.0210132573
-0.0350547134
0.0965767245
-0.0091184333
-0.0869884404
-0.0907300593
0.0674695574
# Donnée 56
0.0886605007
-0.0726650999
-0.0584861100
0.0921041087
0.0367048838
0.0062705110
-0.0736058867
-0.0921579102
-0.0927016533
-0.0399108547
# Donnée 57
0.0148851457
0.0230252761
-0.0353969059
0.0594905142
0.0392677025
0.0221774916
-0.0258415018
0.0441288994
-0.0267835364
0.0599579650
# Donnée 58
-0.0489659318
0.0397743221
-0.0223112966
0.0279965099
0.0386901732
0.0195043198
0.0887151804
-0.0049442978
0.0741365477
-0.0402837009
# Donnée 59
0.0744966178
-0.0405007395
-0.0364977365
0.0609656002
0.0710788656
0.0550950543
0.0483518254
0.0966195843
0.0631018030
0.0138240140
# Donnée 60
0.0435376223
0.0170585115
0.0353093652
-0.0570061319
-0.0526649341
0.0856307513
-0.0437349618
-0.0879305150
-0.0622891605
0.0905874305
# Donnée 61
-0.0479450705
-0.0119137554
-0.0646917444
0.0850008982
-0.0819521716
-0.0433131984
-0.0610928317
-0.0889773450
-0.0094895455
0.0678796640
# Donnée 62
0.0051507318
0.0122848641
-0.0810561691
-0.0418467805
-0.0419153767
0.0291066181
0.0164541601
0.0333085053
-0.0501472348
0.0708257174
# Donnée 63
0.0777182857
0.0832811047
-0.0424805878
0.0407039915
-0.0893667086
0.0566114309
0.0936123508
-0.0851386061
0.0022433950
-0.0501446313
# Donnée 64
0.0637861858
-0.0762405653
0.0790707092
-0.0688783507
0.0100055644
-0.0387195816
-0.0507925029
0.0114862365
-0.0966398035
-0.0553867245
# Donnée 65
0.0685033289
0.0815598118
-0.0258746395
0.0303209179
0.0154777928
0.0740648119
-0.0040708013
0.0337851028
-0.0529899455
-0.0417252796
# Donnée 66
0.0600851255
0.0273415679
0.0915078673
-0.0441481150
0.0009092793
0.0694590129
-0.0185323370
-0.0716189969
-0.0494762358
0.0165707379
# Donnée 67
0.0060390240
-0.0774628191
-0.0842268217
0.0646022320
0.0976102448
0.0900468736
-0.0480268984
0.0995761474
0.0016130397
-0.0510970275
# Donnée 68
-0.0620889780
-0.0200178403
-0.0082089492
-0.0147404184
-0.0721429149
0.0581293772
-0.0314022938
0.0958557384
-0.0514248918
0.0365679867
# Donnée 69
-0.0310826428
0.0415610541
-0.0835561101
0.0607322509
-0.0277969285
0.0457853487
0.0768642392
-0.0850801143
0.0417382733
0.0061926343
# Donnée 70
0.0362796687
0.0022804485
0.0794756694
-0.0511875709
0.0242039180
0.0595986191
0.0055518844
0.0408573937
-0.0835963324
-0.0757386059
# Donnée 71
-0.0607467844
0.0158890667
0.0128824825
-0.0114399504
-0.0342771310
0.0861580013
0.0788898064
0.0889865289
0.0666657111
0.0569876027
# Donnée 72
0.0355970658
-0.0972579099
0.0086423227
0.0229493963
0.0835962813
0.0107491174
0.0611424423
-0.0756724196
0.0140883812
0.0617977716
# Donnée 73
0.0949372649
-0.0810383021
0.0633775878
-0.0393816623
0.0150853331
-0.0706370258
-0.0238059812
-0.0651195365
-0.0490182535
0.0078121472
# Donnée 74
0.0728979824
0.0952695178
0.0984185989
-0.0967601564
0.0541149112
0.0393344186
0.0050382440
-0.0316212938
0.0376796233
0.0703064485
# Donnée 75
-0.0941555930
0.0930111502
-0.0752565915
-0.0954485244
-0.0787623108
-0.0280169495
-0.0426164285
0.0477789060
0.0054074326
0.0259102397
# Donnée 76
-0.0336132988
-0.0232869664
-0.0986168340
0.0912186388
-0.0030326280
-0.0505687320
0.0658311686
-0.0117149948
-0.0404322839
0.0732493125
# Donnée 77
-0.0674506313
0.0659755100
0.0256985676
0.0032340648
-0.0909666582
-0.0203227849
-0.0247233298
-0.0038778049
-0.0034610862
-0.0801921224
# Donnée 78
-0.0386386688
-0.0480139798
0.0305365894
0.0836902246
0.0148795680
0.0018282675
0.0360708081
-0.0608125318
0.0698231495
-0.0534432910
# Donnée 79
0.0686516993
-0.0575572663
-0.0756625496
0.0288236440
-0.0242177806
-0.0492964156
-0.0874829092
0.0782530434
-0.0585594773
0.0212598652
# Donnée 80
-0.0967713904
-0.0668922306
-0.0123732742
0.0218666639
-0.0159402658
-0.0453995553
0.0557383302
0.0405570135
-0.0019564891
0.0092483963
# Donnée 81
0.0246097200
-0.0026307112
0.0442675157
-0.0235744349
-0.0582500100
-0.0181601956
-0.0849294822
0.0977346679
-0.0046550904
-0.0755894213
# Donnée 82
0.0437046420
0.0122721308
-0.0699144944
0.0107097352
0.0651662189
-0.0672094576
0.0987728278
0.0416444394
-0.0866340624
0.0213003336
# Donnée 83
0.0286170775
-0.0896564854
0.0134364427
0.0804755430
-0.0754831947
0.0731781311
-0.0739005212
0.0703167037
-0.0802986597
0.0151342683
# Donnée 84
0.0260040329
-0.0237747008
-0.0741338529
0.0385614238
0.0534524533
0.0811406037
0.0081287903
-0.0940828246
0.0965296921
0.0239217031
# Donnée 85
-0.0974015705
-0.0476010421
-0.0361189449
-0.0283394184
0.0531383574
0.0317379100
0.0184167306
0.0570586528
-0.0469843043
0.0748317950
# Donnée 86
-0.0853309939
-0.0975946811
-0.0144681363
0.0647676123
-0.0810975310
0.0131827048
0.0802270001
-0.0581346346
0.0659333610
-0.0135081249
# Donnée 87
0.0718283513
0.0614153653
-0.0881766323
0.0702620690
-0.0012803842
-0.0128106486
-0.0835483285
-0.0231069847
0.0905087864
0.0480557792
# Donnée 88
-0.0132914256
-0.0588136509
-0.0676351323
0.0694225008
0.0469238936
0.0926899132
-0.0653453273
-0.0224294433
0.0221243637
0.0060497475
# Donnée 89
0.0466924386
-0.0938432318
0.0011523575
-0.0692469029
-0.0328861567
-0.0613407471
0.0286232886
-0.0378327925
-0.0462838342
-0.0631870406
# Donnée 90
0.0438635997
0.0122395962
-0.0509309217
-0.0862858240
0.0602406405
0.0260042069
0.0620384760
0.0416534294
0.0131752082
-0.0806685149
# Donnée 91
0.0910375562
0.0746407923
-0.0325806523
0.0407922666
-0.0434781911
0.0618972842
-0.0368461804
0.0405051879
-0.0434864067
0.0966604098
# Donnée 92
0.0367817729
-0.0602919644
-0.0952443031
0.0130025464
-0.0166856822
0.0087582232
-0.0533393487
0.0849496730
0.0306245874
-0.0119691515
# Donnée 93
0.0059906029
-0.0411086317
0.0923272804
0.0420270822
0.0898079171
0.0798799069
-0.0172598103
-0.0792984602
-0.0678699838
-0.0893978692
# Donnée 94
-0.0593405422
0.0050840767
-0.0553352891
-0.0304278841
-0.0834201617
0.0862443409
-0.0868270612
0.0426737972
-0.0030023070
0.0150040498
# Donnée 95
0.0392602522
0.0836888156
0.0761955661
0.0891016797
0.0017006638
-0.0348830671
-0.0572814776
0.0347362538
0.0135312686
0.0884379294
# Donnée 96
-0.0062598537
0.0182805081
0.0330720937
0.0974953188
-0.0221690705
-0.0642999655
0.0360507858
0.0966739680
0.0417862801
0.0214616211
# Donnée 97
0.0873957505
-0.0334884403
-0.0904712848
0.0174657816
-0.0956485007
0.0467341327
0.0478562209
0.0987150219
-0.0177925169
-0.0997836976
# Donnée 98
-0.0678146522
0.0434043363
0.0089425676
-0.0856364473
0.0888786526
-0.0135616376
-0.0187541843
0.0879990914
-0.0343032824
0.0806868683
# Donnée 99
-0.0090069392
0.0167223334
-0.0727636860
0.0506124485
0.0360597134
0.0076794921
0.0779586853
-0.0502570501
0.0531270201
-0.0898841747
# Donnée 100
0.0335453890
-0.0350742203
0.0515348673
-0.0385137742
-0.0274923559
0.0819509234
0.0724286481
-0.0132189739
0.0534773531
0.0753105326
# Donnée 101
