poids de couche 1
[[-3.34517893e-03 -8.42553730e-02]
 [-4.91264579e-02  8.21560214e-03]
 [-6.65647888e-02  8.90632900e-02]
 [ 9.17377284e-02  6.33337026e-02]
 [-5.40757841e-02 -2.72459661e-02]
 [-1.90113944e-02 -6.67891826e-02]
 [ 5.41470403e-02 -6.39874956e-02]
 [ 5.62627946e-02  4.16749512e-02]
 [ 5.07632715e-02  8.76811449e-02]
 [-3.67852427e-02 -6.52172520e-02]
 [ 9.46846615e-02 -4.88726766e-02]
 [-9.63340004e-02  6.15950577e-02]
 [ 3.18313195e-02  1.45014337e-02]
 [-5.31234420e-02 -1.93968010e-02]
 [-1.96825598e-02 -1.98023282e-03]
 [ 1.54074773e-02 -7.08609757e-02]
 [ 5.34343824e-02  8.99342525e-03]
 [-2.21792202e-03  9.63169797e-02]
 [ 8.63862246e-02  2.00507462e-02]
 [ 1.23821228e-02  6.33510307e-02]
 [ 2.11690554e-02 -1.13808594e-02]
 [-8.08928681e-02  7.37550906e-02]
 [-5.73075850e-03  5.33506923e-02]
 [ 2.01694620e-02  8.63996455e-02]
 [-7.01851272e-02 -3.65953008e-02]
 [ 2.66086009e-02  5.35471785e-02]
 [ 6.57816260e-02  4.38722399e-02]
 [ 4.51597861e-02  7.85693117e-02]
 [-1.79184331e-02 -3.96509846e-03]
 [-1.84163415e-02 -2.94789616e-02]
 [-4.38298669e-02 -2.24665922e-02]
 [ 7.80900467e-02  3.21502741e-04]
 [-6.62921192e-02 -1.55478737e-02]
 [-8.47344093e-02  1.70084714e-02]
 [-7.06438678e-02  1.17026450e-02]
 [ 8.93394777e-02  2.88280420e-02]
 [-9.88421592e-02 -2.53682532e-02]
 [-8.46158607e-02  7.63763399e-02]
 [-5.49663994e-02  5.14299390e-02]
 [ 8.32075134e-02 -6.09138046e-02]
 [ 7.04075098e-02  5.62436479e-02]
 [ 4.20831645e-02 -3.87914533e-03]
 [-5.36166177e-02  8.22274774e-02]
 [ 8.07717339e-02 -1.43435413e-03]
 [ 9.41239429e-02  4.70802669e-02]
 [ 9.18555613e-02  3.61781560e-02]
 [-2.85923322e-02  2.67826032e-02]
 [-1.31184478e-02 -4.89305046e-02]
 [-7.67852572e-02 -8.65707451e-02]
 [ 7.23782427e-02 -5.47196240e-02]
 [ 1.84680437e-02  3.34292717e-02]
 [ 1.91975129e-02 -1.03354186e-02]
 [-4.83055466e-02 -5.60405116e-02]
 [ 1.97725886e-02  9.78518642e-03]
 [ 8.91156000e-03  1.89106337e-02]
 [-7.66137664e-02  7.80760813e-02]
 [ 7.59849292e-02 -5.35847533e-02]
 [-9.17489668e-02  5.17577679e-02]
 [-9.36965255e-02  8.88318451e-02]
 [-3.46875551e-02 -5.46853033e-02]
 [ 2.99400925e-02 -1.89280798e-02]
 [ 7.46404304e-02  6.88981053e-02]
 [-1.30969701e-02 -7.38106354e-02]
 [-8.65905832e-02  4.42895649e-02]
 [ 3.26076259e-02  2.13411839e-02]
 [-8.93449749e-02  7.86226004e-02]
 [ 4.46478003e-02  2.57263404e-02]
 [-1.43493308e-02  2.13758294e-02]
 [ 7.07119421e-02  8.16128827e-02]
 [-9.05176518e-02 -7.84371413e-02]
 [-8.60533340e-03  1.88221207e-02]
 [-8.37097445e-02 -9.16903374e-02]
 [ 6.91148712e-02  5.82907191e-02]
 [ 5.69412684e-02  8.63814531e-02]
 [-8.42691373e-02 -8.79301162e-02]
 [-9.95335647e-02  5.52970345e-02]
 [-6.37914105e-02 -8.65842809e-02]
 [ 9.50190494e-02  8.23879958e-02]
 [-5.11038203e-02  4.00244993e-02]
 [ 1.21556411e-02  7.05127296e-02]
 [-7.32853446e-02  9.76042769e-02]
 [-4.75339224e-02 -8.39641926e-02]
 [-3.49949560e-02  5.74695165e-02]
 [ 3.53778134e-02  5.98109436e-02]
 [-6.75761400e-03  5.84077100e-02]
 [-6.58995686e-03 -7.98557649e-02]
 [ 5.41931363e-02  8.77785599e-02]
 [-1.31796157e-02 -2.57697043e-02]
 [-2.47260843e-02  1.86322260e-02]
 [-4.23357394e-02  9.20639707e-02]
 [ 8.96241844e-02  7.63783824e-02]
 [-8.37638809e-02  9.80170545e-02]
 [-4.54692905e-02 -8.24154555e-02]
 [ 1.72098613e-02 -6.15399596e-02]
 [-1.37259774e-02 -4.96577107e-02]
 [ 9.41429706e-04 -2.65409855e-02]
 [ 4.31206234e-02  9.77888789e-02]
 [-7.67879123e-02  9.00581010e-02]
 [-6.94885032e-02 -1.76514337e-02]
 [ 4.25138886e-02  4.04756917e-02]
 [ 8.33619158e-02  4.74363204e-02]
 [-6.51875642e-02 -6.53615677e-02]
 [-8.35564812e-02 -5.58349669e-03]
 [-9.34641433e-05 -6.84508815e-02]
 [-3.99647408e-02 -8.36653177e-02]
 [-6.77187140e-02  6.31866055e-03]
 [ 5.29409582e-02  6.22146097e-02]
 [-5.37662262e-02 -7.78482137e-02]
 [ 6.18242038e-02  6.22748149e-02]
 [ 3.45889973e-02  5.25153738e-02]
 [ 1.64138063e-03  4.61310938e-02]
 [-6.69358387e-02  5.14541355e-02]
 [ 4.60702690e-03 -3.08402162e-02]
 [-5.76485531e-02 -1.87041094e-02]
 [-3.84299193e-02 -7.61310505e-02]
 [-8.16275048e-02  9.36043658e-02]
 [ 5.10423890e-02 -5.19862548e-02]
 [-3.93415602e-02  8.00627176e-02]
 [-3.51224396e-02 -3.59205077e-02]
 [-4.28645509e-02 -6.99974418e-02]
 [ 8.09247832e-02  5.33062442e-02]
 [ 6.33979212e-02  5.88516167e-02]
 [ 1.65322838e-02  5.69564426e-03]
 [-7.01609613e-02 -2.86817502e-02]
 [ 6.33949012e-02  7.38913650e-02]
 [-2.80236215e-02 -6.23789620e-02]
 [-6.05448950e-02 -7.14979515e-02]
 [ 5.62556614e-02 -4.70872449e-03]
 [ 9.12976891e-02 -6.50944905e-02]
 [ 9.80047392e-02  1.62845115e-02]
 [-2.90212522e-02  5.73546050e-02]
 [ 7.96495636e-02 -8.62472089e-02]
 [-5.04476096e-02  3.48504573e-02]
 [ 7.49624125e-03  1.24998887e-03]
 [-2.15039706e-02  7.74945778e-02]
 [-8.93456692e-02  1.48825369e-02]
 [-8.91517895e-02  7.24543080e-02]
 [ 1.83825022e-02 -5.63157209e-02]
 [ 1.40940981e-02  9.49288622e-03]
 [-7.41985682e-02 -6.63126220e-02]
 [ 9.00873615e-03 -2.69527914e-02]
 [-2.79888440e-02  6.33424480e-02]
 [-5.72213279e-02  3.37833164e-02]
 [ 6.21493700e-02 -5.15825130e-02]
 [-4.17949935e-02 -8.92017307e-02]
 [ 3.36408207e-02 -5.84719416e-02]
 [-8.26563752e-02  7.14507910e-02]
 [-1.12479233e-02  9.02371074e-02]
 [-6.73957415e-02  7.10919131e-02]
 [ 6.44528054e-02  1.82447362e-02]
 [ 8.52736839e-02 -1.72398678e-02]
 [-5.57961798e-02  5.22378349e-02]
 [ 9.01450544e-02 -8.72463593e-02]
 [ 6.52313693e-02 -3.36380046e-02]
 [-8.07240903e-02  7.12334017e-02]
 [ 8.37121651e-02 -9.21665505e-02]
 [ 1.03697141e-02 -8.34720078e-02]
 [-3.25321951e-02 -7.41168423e-02]
 [-8.36608191e-02  5.64090316e-02]
 [-6.71026016e-02  4.28066787e-02]
 [ 9.19801213e-02 -9.55401529e-02]
 [-6.49548985e-02 -4.88020696e-02]
 [-7.21335860e-02 -2.43264942e-02]
 [ 6.83177856e-02  4.12447129e-02]
 [-1.90507826e-02 -6.45613454e-02]
 [ 5.29416543e-03  6.26551555e-02]
 [ 1.75990365e-02 -3.52946595e-02]
 [ 7.33619629e-02  6.31336328e-02]
 [ 8.92774477e-02  3.73697406e-02]
 [-1.71420114e-02  5.40653209e-02]
 [-4.99956546e-03  7.93381833e-02]
 [-2.87821551e-02 -5.29724798e-03]
 [ 6.24090081e-02 -7.33303793e-02]
 [-6.95997164e-02  6.72858409e-02]
 [-6.15596150e-02 -1.46936304e-02]
 [ 1.74185379e-02 -2.76321135e-03]
 [ 1.97189447e-02  8.45580488e-02]
 [ 8.04933268e-02 -5.46453953e-02]
 [-6.41319550e-02  6.89049876e-02]
 [ 2.65974706e-02 -7.06636039e-02]
 [-5.64922518e-02  9.05055943e-02]
 [-4.64015616e-02  6.91002323e-02]
 [-9.84982268e-02  4.66113953e-03]
 [-7.93100479e-02  4.65354234e-02]
 [ 6.02652648e-02 -8.04071891e-02]
 [ 3.10466498e-02 -7.81165129e-02]
 [-6.32370342e-02 -6.53813197e-02]
 [ 1.01217504e-02  8.25679275e-02]
 [ 2.19341728e-02 -9.84139356e-02]
 [-2.94894643e-02  6.86596997e-02]
 [-5.27960267e-02 -6.03127158e-02]
 [-5.15472121e-02 -5.62273642e-02]
 [-7.67442666e-02 -1.05779436e-02]
 [ 7.87431794e-02  6.44285629e-04]
 [-9.48627143e-03 -6.82388948e-02]
 [ 8.75858216e-02 -2.63512092e-02]
 [-4.53233546e-02 -2.30750791e-02]
 [ 9.43315825e-02 -9.85222491e-02]
 [ 6.80703979e-02 -8.49176919e-05]
 [ 6.01170079e-02 -4.71456345e-02]
 [ 6.54865666e-02 -5.58745079e-02]
 [-7.58427071e-02  8.65370876e-02]
 [ 3.10782055e-02  9.71688603e-02]
 [-6.04366250e-02 -9.52661120e-02]
 [-7.77118815e-02 -8.58875948e-02]
 [ 6.29273226e-02  5.32674280e-03]
 [ 4.56980025e-02 -6.05579710e-03]
 [ 8.40959467e-02 -8.58963677e-02]
 [-6.73267210e-02  3.19310766e-02]
 [-8.67995471e-02 -9.40860694e-02]
 [-2.81694315e-02  8.55691688e-03]
 [ 3.79473122e-03 -3.99048563e-02]
 [-1.26776221e-02  6.73375924e-02]
 [ 5.33071220e-02 -5.97402052e-02]
 [ 9.25322985e-02 -7.42398609e-02]
 [ 2.28165388e-02 -4.85340645e-02]
 [ 1.29356961e-02  1.91066761e-02]
 [-8.71147176e-02 -9.44546486e-02]
 [-6.97852787e-02 -4.79233799e-02]
 [ 8.93538797e-02  1.46966169e-02]
 [-9.51651004e-02 -2.30704305e-02]
 [-7.34900615e-02 -8.57743657e-02]
 [-1.99480197e-02  9.14106021e-02]
 [-5.22998578e-02 -4.17565353e-02]
 [-2.51647987e-02  3.88570890e-02]
 [ 3.78729597e-02 -3.55714856e-02]
 [ 7.38747568e-02  9.51008527e-02]
 [-2.35026366e-02  8.11971457e-02]
 [ 1.03730221e-02  1.12922295e-02]
 [ 9.56642935e-02  2.64637555e-02]
 [ 7.51563540e-02 -7.81727488e-02]
 [-6.47066828e-02 -7.61798581e-02]
 [-9.12679490e-02  2.84763112e-02]
 [-9.67354355e-02  7.14819484e-02]
 [ 1.53972116e-02 -9.13540066e-02]
 [-1.37230370e-02  3.53934094e-02]
 [ 5.31519648e-02  8.75330247e-02]
 [-2.94530887e-02 -2.88911982e-02]
 [-4.89960826e-02  8.48725280e-02]
 [-1.81404364e-03 -4.98858377e-02]
 [ 3.17732139e-02 -3.79456739e-02]
 [ 1.80428970e-02 -8.10067700e-03]
 [-7.70393446e-02 -8.35968058e-02]
 [ 3.92827730e-02 -4.02591593e-02]
 [ 2.85751677e-02 -4.31401519e-02]
 [-9.21190392e-02  3.69328340e-02]
 [-3.83265214e-02  6.71572273e-02]
 [-7.40980148e-02  4.80711751e-02]
 [ 6.78959818e-02 -1.56946793e-02]
 [ 5.35981243e-02 -7.88108864e-02]
 [ 8.96837625e-03 -6.38761987e-02]
 [-1.64452465e-02 -7.58616112e-02]
 [-4.42432916e-02  5.03429697e-02]
 [-1.16283347e-02 -9.96811366e-03]
 [-6.22939896e-02 -1.72900325e-02]
 [ 5.71556404e-02  6.68720354e-02]
 [ 6.80930785e-02  8.80212325e-02]
 [ 4.27490119e-02 -2.03130495e-02]
 [ 6.36805717e-03 -7.60258483e-02]
 [-2.95035436e-02 -4.92508728e-03]
 [-5.94862546e-02  7.79053239e-02]
 [ 4.71931468e-02 -4.07731636e-02]
 [-1.88149121e-02 -1.34683938e-02]
 [-6.19940103e-03  7.13769358e-02]
 [ 2.01066346e-02  3.29091384e-02]
 [-4.72913317e-02  4.66866817e-02]
 [ 8.54334255e-02 -4.97837163e-02]
 [ 6.50911069e-02  6.61574065e-02]
 [-6.32912175e-02  3.51743820e-02]
 [ 2.83999859e-02  4.03878261e-02]
 [-3.88699714e-02 -9.36573629e-02]
 [ 1.73822079e-03  7.99093238e-02]
 [ 7.15272389e-02  8.39488440e-02]
 [ 6.03699030e-02  2.67255290e-02]
 [-7.92430391e-02  4.14747434e-02]
 [-6.30061249e-02 -1.87323850e-02]
 [-9.82863516e-02  6.06966723e-02]
 [-7.72468560e-02  3.68934625e-02]
 [-4.53015364e-02  8.38351135e-02]
 [ 1.45436091e-02 -7.33674297e-02]
 [ 9.85626960e-03 -5.32719178e-02]
 [ 4.98590563e-02  6.21889771e-02]
 [-7.02466483e-02 -7.86169008e-02]
 [-4.63907273e-02 -7.34829376e-02]
 [ 9.00692283e-02 -5.31503798e-03]
 [-7.43318170e-02 -4.52400053e-02]
 [-5.43572179e-02  3.00900596e-02]
 [-7.37557081e-02 -2.16369909e-02]
 [-6.95952557e-03  5.89721986e-02]
 [-5.90457694e-02  4.42917909e-02]
 [-7.77151818e-02 -9.79874536e-03]
 [ 9.63817294e-02 -2.63159966e-02]
 [-3.23403492e-02  7.27461409e-02]
 [-6.17849413e-02  7.32996117e-02]
 [-4.76763671e-02 -6.00567903e-02]
 [ 6.70241713e-02 -7.21370734e-02]
 [-9.72710814e-03 -9.89860057e-02]
 [ 8.15626549e-02 -9.58470688e-02]
 [ 9.53588567e-02 -7.15948289e-02]
 [ 6.99746513e-02 -3.69037524e-02]
 [ 9.88039771e-02  2.07592982e-03]
 [-1.88917393e-02 -9.32435670e-02]
 [-9.71077535e-02 -6.87198317e-02]
 [-3.58616035e-02  9.60660294e-02]
 [-8.11418440e-02  1.30502979e-02]
 [-1.51889808e-02  6.47078102e-02]
 [ 5.11741981e-02 -1.52612995e-02]
 [-9.47814536e-02  1.24449186e-02]
 [ 9.55109014e-02  4.77730232e-02]
 [ 4.66967453e-02  3.91604136e-02]
 [ 4.71248600e-02  6.10668038e-02]
 [-5.69619861e-02  5.32284371e-03]
 [-7.86128642e-02 -9.96763959e-02]
 [-1.69425877e-02  2.48672184e-02]
 [-8.27176781e-02  5.78903476e-02]
 [ 2.02359181e-02 -1.90617643e-02]
 [-5.68812532e-02  6.62957094e-02]
 [ 9.13840033e-02 -4.05037379e-02]
 [-8.79982693e-02 -3.98576027e-02]
 [ 6.29186826e-02  8.92632373e-02]
 [ 2.12992684e-02 -4.78730385e-02]
 [ 1.41325019e-02  5.06709830e-02]
 [-7.09510167e-02  4.21889921e-02]
 [ 4.11966445e-02  3.70330887e-02]
 [-9.44933592e-02  8.11532800e-02]
 [ 8.92716185e-02 -2.24409139e-02]
 [ 8.93864378e-02 -5.50395560e-02]
 [-3.79848996e-02  9.25649369e-02]
 [ 3.49537380e-03 -4.51404560e-02]
 [ 2.13144478e-03  4.47273514e-02]
 [ 7.33112472e-02 -5.97885446e-02]
 [ 2.78198967e-02  1.65520083e-02]
 [-9.45341141e-02  3.50789071e-04]
 [ 2.46599934e-02 -3.04105968e-02]
 [-4.62977457e-02  1.83662293e-02]
 [ 9.64404450e-02  1.70339939e-02]
 [-4.46264334e-02  5.94301520e-02]
 [ 6.01588556e-02 -3.28430279e-02]
 [-4.33567690e-03 -4.50714417e-02]
 [ 1.50739937e-03  5.89790573e-02]
 [-8.23366287e-02 -7.29911897e-02]
 [-7.51034986e-02 -8.23522303e-02]
 [-7.40325605e-02  7.81012806e-02]
 [-3.64386585e-02 -2.88495539e-02]
 [-4.13861028e-02  4.42546263e-02]
 [-1.12864371e-02 -7.00988655e-03]
 [-4.97344658e-02 -9.76920404e-02]
 [-4.12762878e-02 -6.37553694e-02]
 [ 9.48216554e-02  9.65264651e-02]
 [ 4.97682529e-02 -5.86415287e-02]
 [ 8.99479698e-02 -5.52967145e-02]
 [ 9.21927102e-02  5.98094838e-03]
 [-2.50667933e-02 -1.52664722e-02]
 [-5.12228008e-02  1.65238205e-02]
 [ 8.55881824e-03 -5.32638704e-02]
 [-7.84951933e-02 -1.61224018e-02]
 [ 3.50314724e-02  3.70906246e-03]
 [-2.93713296e-02  3.19348127e-02]
 [ 7.00077847e-02  2.19186421e-02]
 [ 4.00388364e-02 -5.98153389e-02]
 [-8.28515064e-02 -4.03787029e-02]
 [ 7.01802655e-02  4.03574014e-02]
 [ 4.48823414e-02 -7.35365563e-02]
 [ 5.71764233e-02  4.80409894e-02]
 [ 6.78231912e-02 -1.74127693e-02]
 [-6.26610522e-02  3.12331164e-02]
 [-4.37783496e-02  8.82660073e-02]
 [-6.34007144e-02  5.97977631e-02]
 [-1.84502012e-02  9.11719289e-02]
 [-4.92442870e-02 -9.89654075e-04]
 [-4.09754168e-02  7.49033220e-02]
 [ 6.41825146e-02  6.16802024e-02]
 [-6.22827216e-02 -6.57423736e-02]
 [ 4.56648779e-02  9.98664490e-02]
 [ 1.40958008e-03 -2.25836911e-02]
 [-4.56015839e-02  8.50706530e-02]
 [ 6.18363853e-02  2.05769902e-02]
 [ 1.43136556e-03 -5.41674659e-02]
 [-7.01428170e-02  4.10207848e-02]
 [-8.15873775e-02 -8.62096218e-02]
 [-8.51015923e-02  9.12997165e-02]
 [ 9.76732601e-04  2.21912165e-02]
 [-2.77221364e-04  9.80480948e-02]
 [ 3.27292087e-02  2.08863743e-02]
 [-3.52321438e-02 -7.61403643e-02]
 [ 1.92867130e-03  4.84837451e-02]
 [-3.33667680e-02 -4.25536933e-03]
 [-1.06730507e-02  1.34621093e-03]
 [ 1.21473234e-02 -6.28562247e-02]
 [-4.25853585e-02  6.24706810e-02]
 [ 8.72144746e-03  7.75413296e-02]
 [-6.80032815e-02 -8.54694126e-02]
 [ 3.97696979e-02  9.02958580e-02]
 [-5.30819441e-02 -9.73397214e-02]
 [-3.20742980e-02  8.06281787e-02]
 [-8.88861417e-02 -2.24533331e-02]
 [ 5.32605449e-02  1.98742076e-03]
 [ 5.61861402e-03  1.00461461e-04]
 [-4.58335635e-02  4.54612970e-02]
 [ 8.64125161e-03  2.14468282e-02]
 [ 5.07819455e-02  2.21932011e-02]
 [-5.45665753e-02  5.68950784e-02]
 [ 1.10540018e-02  5.28529181e-02]
 [-5.17123153e-02 -2.93886255e-02]
 [-9.26699210e-02 -5.00390558e-02]
 [ 4.36655791e-03  2.42183444e-02]
 [ 3.19188266e-02  2.59206226e-02]
 [-4.97607608e-02  9.87920212e-02]
 [-7.36744451e-02  7.61077625e-02]
 [-3.60577818e-02 -5.09527276e-02]
 [ 4.72987864e-02 -3.40380556e-02]
 [-8.45555914e-02 -2.14452015e-02]
 [ 1.31891265e-02  2.35665887e-02]
 [-9.65022968e-02 -3.78037467e-02]
 [-8.08545914e-02  7.83363206e-02]
 [ 8.96798902e-02 -8.17589930e-02]
 [-1.63074768e-02 -8.63880025e-02]
 [ 4.91833479e-03 -1.88855047e-02]
 [ 9.36160176e-02  2.57057500e-02]
 [-1.52237665e-02 -4.55016842e-02]
 [-3.34552358e-02 -4.55341511e-02]
 [ 7.71216900e-02  3.14794714e-02]
 [ 6.49501523e-02  7.89513836e-02]
 [ 9.86956634e-02 -8.38384739e-02]
 [-7.98381127e-02 -7.01954859e-02]
 [ 5.11177006e-02 -9.93516592e-02]
 [-2.22174551e-02  6.32025234e-02]
 [-3.33388019e-02  5.05671406e-02]
 [-5.71450632e-02 -5.62800267e-02]
 [ 7.86365241e-02  3.30261576e-02]
 [ 8.52606281e-02 -8.72547899e-03]
 [-5.18830665e-02  3.78425733e-02]
 [ 7.68361565e-03  1.65248893e-02]
 [ 5.68269570e-02 -8.41058043e-02]
 [-7.97533522e-02  1.75821924e-02]
 [-7.99495871e-02 -3.91730563e-02]
 [-8.25684814e-02 -3.24474177e-02]
 [ 3.07866571e-02  2.22890062e-02]
 [-1.24403558e-02 -4.49797954e-02]
 [ 2.92570006e-02  6.15262221e-02]
 [ 9.51985788e-02  5.05063838e-02]
 [-9.62912996e-02  3.51700523e-02]
 [ 4.36900085e-03 -5.49928239e-02]
 [ 2.22680670e-03 -2.91630866e-02]
 [ 1.29309797e-02  4.25540838e-02]
 [ 5.42371447e-02 -3.64772577e-02]
 [-4.22215141e-02 -2.67000175e-02]
 [ 8.07977751e-02 -3.02250596e-02]
 [ 1.18110994e-02  2.80463617e-02]
 [-8.71335441e-02 -5.18600396e-02]
 [-2.34975210e-02  7.69550701e-02]
 [ 2.94301407e-02 -3.17192712e-02]
 [-6.02326841e-02  8.00266956e-03]
 [ 2.86287145e-02  4.64552257e-02]
 [ 4.90976005e-02  8.71939247e-02]
 [-7.70992983e-02 -3.02575608e-02]
 [-1.65997368e-02  9.62699624e-02]
 [ 5.99014838e-02 -2.22128260e-02]
 [-9.19921112e-03  6.91727158e-02]
 [ 4.28650383e-02  9.71329466e-02]
 [-3.99065537e-03 -9.46472339e-02]
 [-3.98042510e-02  7.29682730e-02]
 [ 9.69558168e-02 -1.99536775e-02]
 [-6.90444813e-02 -6.58197240e-02]
 [ 2.57208062e-02  8.07783389e-02]
 [ 5.33669109e-02  2.03504367e-02]
 [ 6.22999823e-02  3.95775249e-02]
 [-9.59622149e-02  7.57438055e-03]
 [-7.42169493e-02 -8.72190132e-03]
 [ 4.09000590e-02  9.79188975e-02]
 [-2.68765878e-03 -5.97643246e-02]
 [ 8.39410866e-02 -7.44224406e-02]
 [ 8.39860150e-02 -2.23262181e-02]
 [ 2.49739872e-02  2.81687198e-02]
 [ 2.20901356e-02 -3.70963243e-02]
 [-5.29046973e-02 -9.81483684e-02]
 [-2.32179700e-02  1.12508336e-02]
 [ 3.40635085e-02  8.66246058e-02]
 [-8.71756152e-02  2.84144410e-02]
 [-1.75745424e-02  8.43286871e-02]
 [ 3.21992118e-02 -9.08046464e-02]
 [-8.96448923e-02 -5.92460159e-02]
 [-8.95653117e-02 -1.78640863e-02]
 [-6.27917215e-02  3.45948668e-02]
 [ 6.96109105e-02 -4.42815589e-02]
 [ 3.91078195e-02  5.93102117e-02]
 [-1.26943580e-02 -8.90696249e-02]
 [ 9.63259989e-02 -8.08023431e-02]
 [ 8.69790841e-02  9.73113823e-02]
 [-4.44079134e-02  6.39094736e-02]
 [ 1.21766485e-02  2.20658831e-02]
 [-6.77755180e-02  3.68120195e-02]
 [ 1.41388125e-02  8.48907551e-02]
 [ 2.08618756e-02  9.03261946e-02]
 [-6.51247942e-02  2.94086266e-03]
 [-5.99895521e-03 -7.93471558e-02]
 [ 7.75128344e-02  5.63338986e-02]
 [ 9.66573729e-02 -6.30479935e-02]
 [ 6.89575243e-03 -8.02538561e-02]
 [-6.09456892e-03 -2.68862568e-02]
 [-8.62422488e-02 -3.59847058e-02]
 [ 2.62687244e-02 -1.07018760e-02]
 [ 3.61207295e-02 -4.57452052e-02]
 [ 1.72805393e-02 -4.86344783e-02]
 [ 1.64827585e-02  7.52706283e-02]
 [ 7.51504181e-02  5.87128705e-02]
 [ 2.58803127e-02  1.03139046e-02]
 [ 2.90415774e-02 -4.82682310e-02]
 [ 5.99365672e-02 -5.06653936e-02]
 [-6.78873482e-02 -7.86596311e-02]
 [-6.17644509e-02 -2.12388540e-02]
 [-9.10451011e-02 -1.88547210e-02]
 [ 8.58508144e-02 -8.72151316e-02]
 [-6.64603824e-02  8.35411507e-02]
 [ 6.02305624e-02 -8.87023799e-02]
 [-2.36823228e-02  2.49128632e-02]
 [ 8.28011051e-02  2.25877566e-02]
 [-3.67891691e-03 -7.18562473e-02]
 [-2.90801089e-02 -3.10806184e-02]
 [ 3.47267564e-02 -1.83471210e-02]
 [ 2.00630054e-03  8.95695244e-02]
 [-4.19758229e-05  9.33430172e-02]
 [ 2.49542848e-02  8.72137956e-02]
 [ 3.42773933e-02  1.62123278e-02]
 [ 8.49345016e-02  6.58404945e-02]
 [-8.91612850e-03 -9.89455491e-03]
 [-9.51793620e-02 -2.15162865e-02]
 [-2.87148377e-02 -1.61690336e-02]
 [ 7.20423780e-02  7.89485874e-02]
 [ 3.90338306e-02  8.13217533e-02]
 [-5.01136911e-02 -3.75668720e-02]
 [ 4.63250722e-02  2.56356103e-02]
 [ 5.00641235e-02  5.45203685e-02]
 [-4.72449391e-02  3.98156104e-02]
 [-5.49207892e-02  2.96362656e-02]
 [ 2.48357548e-02 -8.94696806e-02]
 [ 2.33555596e-02 -2.81144339e-02]
 [-3.66166234e-02  9.94247680e-02]
 [-9.43794798e-02 -5.71338280e-02]
 [ 6.02276355e-02  5.97520474e-03]
 [-9.95320665e-03 -5.43049803e-02]
 [ 6.13874245e-02  5.84659485e-02]
 [ 4.13888982e-02 -1.57820898e-02]
 [ 9.62305904e-02  7.04129442e-02]
 [ 7.98008720e-02  2.91058391e-02]
 [ 2.46578532e-04  3.70699197e-02]
 [-2.32229526e-02  1.64201530e-03]
 [ 8.99481127e-02  5.84378683e-02]
 [ 5.08534935e-02 -7.69470619e-02]
 [ 7.97598122e-03 -3.48357332e-02]
 [-8.86949759e-02 -7.95626371e-02]
 [ 7.89572211e-02  6.59514663e-02]
 [-1.20905602e-02 -3.00689219e-02]
 [-9.93967123e-02 -1.99817244e-02]
 [-9.44313865e-02 -4.07707135e-02]
 [ 4.38893045e-02 -4.34701053e-02]
 [-2.06723095e-02 -9.38695016e-02]
 [ 3.91780867e-02  4.89195156e-02]
 [-7.10352642e-02 -9.86504007e-02]
 [ 1.20479843e-02 -4.98839660e-02]
 [ 2.39313852e-02 -1.90011921e-02]
 [-1.74392493e-02  5.20650309e-02]
 [ 3.47975474e-02  1.59347081e-02]
 [ 4.40140628e-02 -2.49792760e-02]
 [ 5.98260499e-03 -2.26877448e-02]
 [ 6.31377213e-02 -8.57662397e-02]
 [ 9.44629628e-02 -1.30299263e-02]
 [ 6.63316423e-02 -6.78722531e-02]
 [ 8.97379405e-02  7.11261273e-02]
 [-4.91171565e-03  5.97787152e-02]
 [-2.19605204e-02 -7.34857386e-02]
 [ 1.08296890e-02 -3.68922393e-02]
 [-3.33129061e-03  7.18370532e-02]
 [-8.42637883e-02  4.54782165e-02]
 [ 2.15602768e-03 -5.69844121e-02]
 [-7.33950693e-03  5.83535278e-02]
 [ 5.34578340e-02  4.71698380e-02]
 [ 4.49739957e-02  7.44204628e-02]
 [-7.89302309e-02  3.29629179e-02]
 [-2.08212369e-02  8.80824346e-02]
 [-6.81371527e-02  3.03242380e-02]
 [-9.63971611e-02 -8.54397868e-02]
 [-8.05295345e-02  2.72157777e-02]
 [ 2.02460188e-02 -6.65829997e-02]
 [ 9.67964944e-02 -3.19873151e-02]
 [-4.92817318e-02  9.49628924e-02]
 [-7.15068348e-02 -3.49102732e-02]
 [-4.04165890e-02  1.75690346e-02]
 [ 7.26508095e-02  9.76789694e-02]
 [-4.06611272e-02 -1.78339885e-03]
 [-7.29109414e-04  5.12742626e-02]
 [-7.28084636e-04 -3.07658238e-02]
 [ 6.79707935e-02  4.38133119e-02]
 [-8.67059285e-02  3.76792651e-02]
 [-7.61625079e-02  1.84531534e-02]
 [ 7.20158646e-02 -2.65211014e-02]
 [ 3.88899466e-02  4.39161368e-02]
 [ 5.06656573e-03  3.51589097e-02]
 [ 2.32226454e-02 -9.29178402e-03]
 [ 7.26110967e-02 -3.80236498e-02]
 [ 1.11962449e-02  2.30100472e-02]
 [-5.50519468e-02  6.46752268e-02]
 [-3.81980180e-03 -6.32426045e-02]
 [ 7.48668948e-02 -3.55354120e-02]
 [-8.43653988e-02  8.12840712e-02]
 [ 5.73005639e-02  6.37521445e-02]
 [-4.26267034e-02 -8.73958250e-02]
 [ 5.32297350e-02 -5.66291718e-02]
 [-8.58363255e-03  4.90401277e-02]
 [ 4.65890676e-02  9.49057840e-02]
 [ 8.43772443e-03 -3.78204056e-02]
 [-8.69287164e-02  7.03271010e-02]
 [ 4.80515102e-02 -6.86048273e-02]
 [-8.53263305e-02  1.67899175e-02]
 [ 9.80417920e-02  4.40873039e-02]
 [-4.74744811e-02 -5.43327393e-02]
 [-6.73442131e-02 -7.10526379e-02]
 [-8.28418225e-02  5.74673001e-02]
 [-8.60946062e-02  1.89745480e-02]
 [-3.97289491e-02  5.88095776e-02]
 [-3.89251354e-02  3.03479818e-02]
 [ 7.41845111e-02 -4.19455361e-02]
 [-4.48351870e-02  6.38326166e-02]
 [-5.55945946e-02  7.60481427e-02]
 [ 8.61408194e-02 -4.62169922e-02]
 [-8.52585284e-02 -4.06166976e-02]
 [-9.37930134e-02  5.50601612e-02]
 [-4.76399425e-02  4.34251727e-02]
 [ 9.06275864e-02  5.07461679e-02]
 [-1.74441574e-02 -3.49294351e-02]
 [-7.72027192e-02 -9.76955148e-02]
 [ 9.82664067e-02  5.62115689e-02]
 [ 9.81975513e-02  1.73339126e-02]
 [-8.57597586e-02  7.58920179e-02]
 [ 5.77184180e-02  5.01489531e-02]
 [ 5.07926746e-02  8.82203173e-02]
 [ 2.48693024e-02 -4.84289757e-02]
 [ 4.97331244e-02 -1.50148244e-02]
 [ 1.26653090e-02 -6.22146573e-02]
 [ 3.84904732e-02 -9.91527511e-03]
 [-8.41053475e-02  7.39144292e-03]
 [ 6.81903295e-02  5.13823916e-02]
 [ 7.55426980e-02 -7.79344046e-02]
 [ 6.94203899e-02  5.10215859e-02]
 [-1.71832440e-02  1.91627068e-02]
 [-1.24262326e-02 -6.30402879e-02]
 [ 9.94938600e-02  2.21933348e-02]
 [ 5.62115444e-02  9.27101923e-02]
 [-4.12674346e-04 -7.92794151e-02]
 [ 7.78693952e-03  5.82707510e-02]
 [ 2.62508155e-03 -4.68604341e-02]
 [-8.55487025e-02  8.28161193e-02]
 [ 6.59303619e-02  6.39660570e-02]
 [ 8.01789798e-02  6.59679639e-02]
 [-1.28727495e-02  5.29779384e-02]
 [-7.74623938e-02  4.97351115e-02]
 [-5.05302109e-02  1.49878686e-02]
 [-5.32270538e-02  1.34037601e-02]
 [-8.76209561e-02  8.67361695e-02]
 [ 2.76883652e-02  2.55460485e-02]
 [-4.76552467e-02 -9.13672503e-02]
 [-5.66075583e-02  7.66043313e-02]
 [-9.59772119e-02 -8.60438584e-03]
 [ 3.37741843e-02  9.15476233e-02]
 [ 5.80012994e-02  9.91835979e-02]
 [ 5.48198005e-02  3.47501691e-02]
 [ 9.23016256e-02 -3.49599320e-02]
 [ 6.52025577e-02  6.64644966e-02]
 [-4.97610772e-02  4.56302510e-02]
 [-7.59463166e-02 -3.26842386e-02]
 [ 9.39626055e-02 -5.89845564e-02]
 [ 9.55560334e-02 -7.73408086e-03]
 [-8.30137763e-02 -4.43726614e-02]
 [ 9.07918855e-02  5.18639724e-02]
 [-9.96169228e-03  8.75720095e-02]
 [-6.45040109e-02  6.88770378e-02]
 [-8.51055245e-02 -8.85597479e-02]
 [-1.77602381e-02 -3.04016379e-02]
 [-6.37896632e-02  9.93790374e-02]
 [-8.22571172e-02  5.23681902e-02]
 [ 6.01621947e-02  7.10336160e-03]
 [ 1.63887341e-02 -8.74469394e-02]
 [ 3.24412794e-02 -9.70564289e-02]
 [ 8.12326292e-02 -8.80533263e-02]
 [-8.28628019e-02 -8.01642591e-02]
 [ 4.99422202e-02 -5.96198532e-02]
 [ 8.52887194e-03 -2.01959745e-02]
 [-4.92232930e-02 -9.56567482e-02]
 [-5.76152702e-02  6.39572918e-02]
 [-7.10313444e-02  9.46332798e-02]
 [ 8.58182770e-02  7.38130582e-02]
 [-3.57504161e-02 -8.78988735e-02]
 [-6.75774181e-02  6.00699324e-02]
 [-2.07343543e-02 -9.23950007e-02]
 [-7.99262403e-02  1.45761438e-02]
 [-6.33093563e-02 -7.34671006e-02]
 [-9.79945731e-02 -4.41576199e-02]
 [-3.93994562e-02  2.09979369e-02]
 [ 2.68073026e-02 -6.52957343e-02]
 [-8.33408511e-02  9.53354398e-02]
 [ 8.47610324e-02  8.87460035e-02]
 [ 8.43062984e-03 -7.67983450e-02]
 [-5.81001804e-02  7.58679177e-02]
 [-5.53184347e-02 -8.26555074e-02]
 [ 2.38343189e-02 -8.09549468e-02]
 [-6.83697986e-02  8.04728210e-02]
 [-5.46079947e-03  9.48142158e-02]
 [-9.17026728e-02 -2.12308143e-02]
 [-5.73109584e-03 -2.46321714e-02]
 [ 2.62369546e-02 -4.64766409e-02]
 [-3.26274220e-02 -9.21854436e-02]
 [-9.48284229e-02  4.27867809e-02]
 [ 7.77342984e-02 -3.48803496e-02]
 [-4.29002533e-02  2.37280309e-03]
 [-7.15755456e-02  3.04757920e-02]
 [ 2.59010117e-02 -2.25360617e-02]
 [ 7.39899085e-02  9.80372060e-02]
 [ 4.67720544e-02 -1.59159045e-02]
 [ 4.61820842e-03  2.23471274e-02]
 [ 7.21747556e-03  5.90132744e-02]
 [ 8.21623587e-02  5.39250301e-02]
 [-2.72195632e-02  9.05115993e-02]
 [-1.14273326e-03  8.93529412e-02]
 [-1.10421995e-02 -8.01482082e-02]
 [-9.47104649e-02  7.99393224e-02]
 [ 1.12326497e-03 -3.82544827e-02]
 [-2.63721969e-02  2.93738768e-02]
 [-8.60539197e-02  1.42433801e-02]
 [ 4.94309660e-02 -2.44402621e-02]
 [ 5.03475521e-02  5.43220623e-02]
 [-3.02612646e-02 -3.24732152e-02]
 [ 1.58811584e-02 -3.61693717e-03]
 [-4.73047105e-02 -6.33048315e-02]
 [ 5.22718770e-02  4.96231908e-02]
 [-2.63964083e-02  5.57179485e-02]
 [-1.71571517e-02  1.57065713e-02]
 [ 4.81139841e-02 -4.70563651e-02]
 [-6.55934695e-02 -6.08008803e-02]
 [ 6.68593648e-02  2.14186357e-02]
 [ 6.67867855e-02 -1.35868150e-02]
 [-7.69928671e-02  1.49056549e-02]
 [-3.61259816e-02 -9.52289073e-02]
 [ 4.04642770e-03 -9.42983882e-02]
 [-1.06098714e-03 -3.62349889e-02]
 [ 8.04655272e-02  6.09824561e-02]
 [ 7.50944755e-02 -5.10843279e-02]
 [-3.86770140e-02 -3.45069997e-02]
 [ 6.56575541e-02 -1.17511575e-02]
 [ 4.76811429e-02  7.35739430e-02]
 [-8.15954779e-02 -9.85613098e-02]
 [-8.45367002e-02  6.43782057e-02]
 [ 6.82218625e-02 -2.24457124e-02]
 [ 1.52132123e-02 -6.33948940e-03]
 [ 1.23789865e-03  9.38837241e-02]
 [-9.49666496e-02  8.87730663e-02]
 [ 5.68222957e-02 -7.04364658e-02]
 [-4.03949454e-02  3.16981487e-03]
 [-2.07779234e-02  2.37469919e-02]
 [ 8.05309119e-03 -7.46632507e-02]
 [ 2.36775112e-02  9.16387755e-02]
 [ 5.79667563e-02 -9.65200207e-02]
 [-7.32648462e-02  1.59076721e-02]
 [ 2.11455844e-02  2.48343149e-02]
 [-6.93351564e-02 -3.78924863e-02]
 [ 4.60561215e-02  6.47858327e-02]
 [ 3.72862123e-02 -3.25328709e-02]
 [ 4.81759070e-02 -5.46325781e-02]
 [ 1.53149084e-02  2.49841207e-02]
 [-7.95547137e-02 -1.49758224e-02]
 [ 8.53452164e-02 -4.87373373e-02]
 [ 9.48237369e-02  3.81710833e-02]
 [-4.64317469e-02  2.31932102e-02]
 [-1.38613908e-02  2.43447981e-02]
 [-8.70221393e-02 -7.59709922e-02]
 [-8.67015679e-02  9.10980959e-02]
 [-8.18678842e-02  4.05129507e-02]
 [ 1.88383340e-02 -9.18306962e-02]
 [-7.56180463e-02  4.50157705e-02]
 [-1.38199185e-02 -8.60110591e-02]
 [-9.48847958e-02 -7.10140115e-02]
 [ 5.24967324e-02 -5.26628165e-02]
 [-6.21669231e-02  8.92202440e-02]
 [ 2.51154599e-02  2.11568010e-02]
 [-3.02289374e-02 -8.59100585e-02]
 [-4.73307039e-02 -4.76083881e-03]
 [-5.31428419e-02 -2.26597559e-02]
 [-9.07008167e-02 -5.89737783e-03]
 [-3.28956458e-02 -7.30256682e-02]
 [ 9.37239961e-02  8.25716418e-02]
 [-3.37865523e-02  5.79276167e-02]
 [ 9.22865050e-02  3.86832937e-02]
 [ 1.01971879e-02 -5.12368899e-02]
 [ 1.73838748e-02  6.88518412e-02]
 [-9.49654449e-02 -2.86862478e-02]
 [-1.63777803e-02  9.59643740e-02]
 [-2.54276130e-02  5.23477346e-03]
 [ 3.90941309e-02  8.37453056e-02]
 [-4.31632796e-02  6.24485379e-02]
 [ 2.65261665e-02  4.96813380e-02]
 [-5.68354417e-02  9.71304284e-02]
 [-1.49939663e-02  9.04995629e-02]
 [ 8.16107020e-02  9.17979185e-02]
 [-8.80856788e-02 -7.26190352e-02]
 [-7.80739752e-02  7.16406206e-02]
 [-6.87111422e-03 -4.75982370e-02]
 [-3.12954292e-02 -5.66036241e-02]
 [-2.76125709e-02  2.41856028e-02]
 [ 7.91353081e-02 -3.16787570e-02]
 [-2.57249146e-02 -4.88647754e-02]
 [-7.50778164e-03 -9.26655764e-02]
 [ 7.34576773e-02 -6.87471333e-02]
 [ 5.84050523e-02  4.04081896e-02]
 [ 6.47071529e-02 -2.49963682e-02]
 [-4.07533534e-04  8.10218047e-02]
 [ 3.99494210e-03 -2.98417015e-03]
 [ 4.97658545e-02 -2.52396601e-02]
 [ 2.10864867e-02 -2.87932679e-02]
 [-9.55455668e-02 -4.18269530e-02]
 [ 1.74620831e-02 -5.93153385e-02]
 [-5.72854076e-02 -3.85702327e-02]
 [ 6.79575520e-02 -1.80286079e-02]
 [ 4.23546388e-02  6.60634611e-02]
 [ 6.36990079e-02 -3.76535281e-02]
 [ 2.51886815e-02 -9.23959241e-03]
 [-4.91433798e-02  8.13322869e-02]
 [-3.41183455e-02  4.25010795e-03]
 [ 8.15820077e-02 -3.02489952e-02]
 [ 7.57187918e-02  5.10635951e-02]
 [ 9.76530439e-02 -4.86349815e-02]
 [ 6.61890217e-02 -2.37138498e-02]
 [ 5.80914851e-02  7.94719648e-02]
 [ 7.22573011e-02 -8.47606057e-02]
 [-5.54672190e-02  5.28169743e-02]
 [ 8.51228566e-02 -9.38772832e-02]
 [-7.68455006e-02  5.70313358e-03]
 [ 4.35494660e-02 -9.48735926e-02]
 [ 2.79192540e-02  2.28075608e-02]
 [-7.52100994e-02 -3.62237066e-02]
 [-2.16312931e-02 -5.38891327e-02]
 [ 3.33552837e-02 -5.24492291e-02]
 [ 4.85268660e-02  2.73689570e-03]
 [ 1.11127394e-02 -5.81632438e-02]
 [ 8.94319284e-02  9.93352924e-03]
 [ 7.36344273e-02  4.67095419e-02]
 [ 3.26042830e-02 -3.08137074e-02]
 [-9.99476152e-02  3.29808356e-02]
 [-6.18527915e-02 -9.58691513e-02]
 [-5.29141486e-02 -9.17474885e-02]
 [ 5.04652131e-02 -6.45698159e-03]
 [ 3.66198694e-02 -2.25154094e-02]
 [ 4.78910217e-02  9.30271589e-02]
 [-8.04772846e-02  9.18329983e-02]
 [ 8.15022858e-02  8.25353887e-02]
 [-7.61031021e-02  2.04201306e-02]
 [-1.00303329e-02  5.24656424e-03]
 [-6.37602220e-02  4.84754004e-02]
 [-7.47153817e-02  6.41564523e-02]
 [-8.23835605e-02  2.76487166e-02]
 [ 9.98524988e-02  7.26306961e-02]
 [-7.97337990e-03  9.65127180e-03]
 [-5.69699494e-02 -4.20945543e-02]
 [ 3.21442661e-02 -8.92226633e-02]
 [ 2.11983752e-02 -8.73468320e-02]
 [-2.16808708e-02  2.18205936e-02]
 [ 6.18034255e-02  8.71438704e-02]
 [-9.97270794e-02  1.17412959e-02]
 [-5.08195739e-02  4.77122664e-02]
 [ 9.67184844e-02 -1.45591368e-02]
 [-1.75965723e-02 -5.92268164e-03]
 [ 4.18355140e-02 -1.78110311e-02]
 [-7.47580901e-02  2.69749309e-02]
 [-3.98313776e-02  1.64892797e-02]
 [ 7.08023531e-02 -3.11678501e-02]
 [ 2.20332129e-02  7.22137694e-02]
 [-7.73297295e-02 -7.25200342e-02]
 [ 2.77259845e-03  2.58694833e-03]
 [ 4.59755764e-02 -3.82630589e-03]
 [-2.82449989e-02  4.14612292e-02]
 [-8.56577891e-02 -6.50477325e-02]
 [ 9.53055538e-02  3.27913010e-02]
 [-6.32208879e-02 -7.15525782e-02]
 [ 5.75084183e-02  1.92987280e-02]
 [-6.31805831e-02 -6.21955967e-02]
 [-5.11406553e-02  3.19557941e-02]
 [-3.47718195e-02  2.54397482e-02]
 [-1.44949154e-02 -1.45159861e-02]
 [ 9.65774968e-02  6.34965925e-02]
 [ 7.12292583e-02  4.44987728e-02]
 [ 7.56880942e-02 -8.17314971e-03]
 [ 5.06089322e-03 -6.07932265e-02]
 [-8.50908455e-02  7.97709969e-02]
 [ 2.78003975e-02  4.78352176e-02]
 [-7.52521606e-02  9.26881116e-03]
 [-3.56652326e-02  7.14558928e-03]
 [-3.72210211e-02  9.99589931e-02]
 [ 5.86287564e-03  1.60936609e-02]
 [ 1.32186225e-02  5.72324077e-03]
 [-1.27876317e-02 -7.77151884e-02]
 [-4.45538418e-03  2.72540423e-02]
 [ 4.67205985e-03  3.29218929e-02]
 [-4.19645171e-02  7.15366470e-02]
 [-6.75490748e-02  1.61191501e-02]
 [-9.14228087e-02 -1.85299458e-02]
 [ 4.80629867e-02  7.36171664e-02]
 [-5.03526924e-02 -3.77776839e-02]
 [ 5.60645978e-02 -5.03230723e-02]
 [-8.90538252e-02  1.06445882e-02]
 [-9.26743426e-02  3.35584763e-02]
 [-7.47301176e-02  9.45836405e-03]
 [-4.51024163e-02 -3.40587943e-02]
 [-1.81182005e-02 -4.09788598e-02]
 [-2.55744648e-02 -4.15776617e-02]
 [ 2.38904796e-02 -3.66504587e-03]
 [ 7.78427889e-02  2.09583834e-02]
 [-8.25817084e-02  3.04172682e-02]
 [-1.67181539e-02  3.74060464e-02]
 [ 5.29884512e-02  9.82124386e-02]
 [-3.48217517e-02 -7.76147225e-02]
 [ 8.79606291e-02  6.62092402e-02]
 [ 4.10896413e-02 -7.74576056e-02]
 [-3.61645036e-02 -4.34374470e-02]
 [-3.26004509e-02  7.62885677e-02]
 [-6.14720171e-03 -5.70074567e-02]
 [-1.34295747e-02  5.63450843e-02]
 [-3.72906107e-02 -8.22515863e-02]
 [ 4.50632511e-02  3.77943255e-02]
 [-9.52541983e-02 -9.27854672e-02]
 [-4.60730426e-02  5.00228509e-02]
 [-9.46446314e-03  9.11462399e-02]
 [ 2.06656956e-02  4.59669896e-02]
 [ 7.84111611e-02  1.00683877e-02]
 [ 3.11157470e-04 -6.66904768e-02]
 [-3.63066554e-02  8.57618267e-03]
 [ 8.56573494e-02 -1.58113103e-02]
 [-5.16295643e-02 -3.00945954e-02]
 [-3.37247573e-02 -1.01829866e-02]
 [-4.38803865e-02  8.97441082e-02]
 [ 7.26503445e-02 -5.87986490e-02]
 [-5.12143732e-02  8.30084174e-02]
 [ 8.87485937e-03  9.49056402e-02]
 [-6.51973235e-02  2.58336240e-02]
 [ 1.88655130e-02 -3.01121393e-02]
 [-1.47037759e-02  1.33938017e-02]
 [ 3.58383181e-02  8.87601058e-02]
 [ 4.12052648e-02 -8.48282352e-02]
 [-1.48203495e-02  6.24053314e-02]
 [ 6.09798776e-02 -6.86725936e-02]
 [-3.38828443e-02 -2.29544107e-02]
 [-7.45617262e-02 -1.84621924e-02]
 [-1.65904298e-02  8.69493640e-02]
 [-3.86329634e-02  8.05600387e-02]
 [-7.21760054e-02  2.05427508e-05]
 [-4.51414128e-02 -9.18255527e-02]
 [ 8.74676506e-02  4.36253370e-02]
 [ 3.16994781e-02  8.44562494e-02]
 [ 5.82527733e-02  9.09639665e-02]
 [-2.42754310e-02 -2.04844641e-02]
 [-7.90197985e-02  5.19349738e-02]
 [ 9.87621258e-02  1.55182192e-02]
 [ 8.98406271e-02  6.82709720e-02]
 [-3.04712301e-02  4.33503712e-02]
 [-3.63825707e-02 -4.63947454e-02]
 [ 5.06636664e-02  2.63092189e-02]
 [-9.26339117e-02  9.35546476e-02]
 [ 5.03368784e-03 -9.25514693e-02]
 [ 7.29091458e-02  1.81537188e-02]
 [-2.11419535e-02  5.21521819e-02]
 [-1.41241782e-03  5.65707959e-03]
 [-9.27624380e-02 -1.07303222e-02]
 [-8.44993211e-02  8.42962582e-02]
 [ 3.79162982e-02 -6.55612669e-03]
 [ 8.65478852e-02 -4.43548635e-02]
 [ 4.62854746e-02 -5.60159087e-02]
 [ 5.59230871e-02  2.05389815e-02]
 [-3.59441202e-02 -8.05680655e-03]
 [-3.83862050e-02  3.39103513e-02]
 [ 4.69612328e-03 -8.27535122e-02]
 [ 5.86603618e-02 -8.23317697e-02]
 [-2.81916588e-02  5.81289772e-02]
 [-9.03218912e-02  2.70980915e-02]
 [ 3.17859496e-03  7.26723511e-02]
 [ 8.89747073e-02 -1.65071391e-03]
 [ 5.69179118e-02  8.41705129e-03]
 [ 9.86609524e-02  7.58900084e-02]
 [ 8.45567346e-02  5.57022216e-03]
 [ 4.28941635e-03  5.79864181e-02]
 [ 2.90022246e-02  4.64844852e-02]
 [ 1.54012525e-02 -8.93434694e-02]
 [-4.66580637e-02 -5.15260007e-02]
 [ 9.96782796e-02  6.76623842e-02]
 [-9.33339578e-02  7.08156635e-03]
 [-6.73815690e-02  4.28494689e-02]
 [-1.81091223e-02 -7.95338477e-02]
 [ 7.87400327e-02  4.01257575e-02]
 [-8.28052941e-02 -4.87565582e-02]
 [ 5.27945705e-03  6.84242683e-03]
 [ 1.94234907e-02 -1.09498344e-03]
 [-3.90791159e-02 -9.32432721e-02]
 [ 5.67994605e-02 -2.45773460e-02]
 [-3.20330569e-02 -7.85726193e-02]
 [ 8.66948335e-02  6.41057927e-02]
 [ 1.68634725e-02  3.27258902e-02]
 [-1.69386765e-02  5.05397524e-02]
 [ 2.79454337e-02 -7.00752992e-02]
 [ 4.83488466e-02  3.85156949e-02]
 [-3.89782975e-02 -1.23100927e-02]
 [-9.06705135e-02  1.23975808e-02]
 [-5.76947895e-02  5.34685486e-02]
 [-8.01835489e-02  9.73422012e-02]
 [-4.86652491e-02  7.78316789e-02]
 [-4.23958945e-02  8.27238466e-02]
 [ 4.97773655e-02 -3.49577230e-02]
 [ 8.44172239e-02  4.44346735e-02]
 [-6.90907603e-02 -3.36777972e-02]
 [-2.10003628e-02  7.97712151e-03]
 [-7.09737699e-02  2.79515022e-02]
 [-5.45723418e-02 -6.27324987e-02]
 [-1.97717509e-02  7.00163671e-02]
 [-5.09114924e-03 -3.36525455e-02]
 [ 6.78500024e-02 -4.22027488e-02]
 [-8.93994411e-02  2.19622291e-02]
 [-7.76810954e-02 -4.13983261e-02]
 [-4.67360949e-02  3.96675356e-02]
 [ 8.91357329e-02 -2.61943443e-02]
 [-7.28819863e-02  5.66816548e-02]
 [-7.24792954e-02 -3.37959269e-02]
 [ 2.30110015e-02  9.10721008e-03]
 [ 8.83588713e-02  7.46707840e-02]
 [-9.88639978e-02  7.14721239e-03]
 [-3.49451781e-02  2.15036391e-02]
 [ 3.16557592e-04  3.69757277e-02]
 [ 3.96478309e-02 -2.93123114e-02]
 [-5.07781684e-02 -2.16939478e-02]
 [-1.53141686e-02  9.59909738e-02]
 [ 9.17261977e-02 -1.61886168e-02]
 [-2.00802140e-02  2.22916305e-02]
 [ 9.34146287e-02 -5.44489703e-02]
 [ 7.32393892e-02 -1.30897598e-03]
 [-6.78760598e-02 -8.54741339e-02]
 [ 4.15389968e-02  6.68969146e-02]
 [ 9.42588008e-02  3.00110750e-02]
 [-5.25794332e-02 -5.78116125e-02]
 [ 4.62413392e-02  6.57450778e-02]
 [-5.23073664e-02  2.80983770e-02]
 [ 4.84350511e-02 -8.97757869e-02]
 [-1.69954148e-02  3.68092512e-02]
 [ 5.71011263e-03 -1.08362641e-02]
 [ 7.12064704e-02 -5.17039129e-02]
 [-1.24727882e-02  5.16043993e-02]
 [ 9.47120155e-02  3.63341753e-02]
 [-4.68224297e-02  7.16527993e-02]
 [ 5.07951548e-02  8.55135549e-02]
 [-4.29656710e-02 -3.19115431e-02]
 [-2.85917979e-03 -4.56396385e-02]
 [-6.27593593e-03  3.49152799e-02]
 [-6.92284477e-02  2.54915384e-02]
 [-2.63864339e-02 -3.44122297e-02]
 [-8.08739288e-02  9.37779178e-02]
 [ 8.30700131e-02  3.59502832e-02]
 [ 7.00751490e-02 -8.73677416e-02]
 [ 8.69683866e-02  1.69387587e-03]
 [-2.67147751e-02 -4.26093513e-02]
 [-1.77840657e-02  8.78698373e-02]
 [ 6.78783933e-02 -5.40859629e-02]
 [ 9.87930624e-02  7.40618260e-02]
 [-4.26704717e-02 -6.67883147e-02]
 [-3.65413694e-02 -7.00974176e-02]
 [-4.73324932e-02 -8.09075571e-02]
 [-7.34120154e-02  4.85733483e-02]
 [ 5.59076892e-02 -8.23804222e-02]
 [ 7.63790242e-03  2.83684710e-02]
 [-4.04745654e-03  8.90617073e-02]
 [-8.67601426e-02  8.84814987e-02]
 [ 8.01984039e-02 -9.98830862e-02]
 [ 6.21573649e-02  3.42019543e-02]
 [-5.21239609e-02  7.74453129e-02]
 [ 7.28455983e-02 -4.73340729e-02]
 [ 8.45148951e-02  5.87668027e-02]
 [ 9.05386243e-02  4.94066227e-02]
 [ 2.95875280e-02  8.18478008e-02]
 [ 5.91088469e-02  2.89565482e-02]
 [-8.48894530e-02 -1.22940458e-02]
 [-6.12170030e-03  5.93808161e-02]
 [-1.77711742e-02 -6.17234191e-02]
 [ 9.17496696e-02 -6.24181732e-02]
 [ 7.72959623e-04 -7.18267197e-02]
 [ 9.38156785e-02 -8.53760451e-02]
 [ 3.17325975e-02  2.27876010e-02]
 [ 6.41943896e-02  5.31591438e-02]
 [-6.16776699e-02  8.01364577e-02]
 [ 1.19508940e-02 -2.20323300e-02]
 [-3.73608138e-03 -4.16690008e-02]
 [ 6.35176887e-02 -7.94942793e-02]
 [ 5.96866836e-02 -9.85866894e-03]
 [-1.56742489e-02 -1.03130244e-02]
 [ 9.45580405e-02  2.38217798e-02]
 [-5.42342814e-02  4.03754520e-02]
 [-7.79869660e-02  2.55241512e-02]
 [ 7.81208667e-02  5.60154593e-02]
 [-2.01181391e-02  3.19234605e-02]
 [-9.72535550e-02 -1.52833232e-02]
 [-3.74235500e-02 -1.10594307e-02]
 [ 3.80874473e-02  4.31079264e-02]
 [-5.23832925e-02  3.95223967e-02]
 [-3.85183630e-02  5.35780144e-02]
 [ 6.10783093e-02 -7.09355574e-02]
 [-9.90932726e-03 -3.63884658e-03]
 [-4.11994300e-02  7.70397754e-02]
 [-3.34723072e-02  8.78384766e-02]
 [ 1.15322947e-02  3.71152206e-02]
 [ 8.00704109e-02 -5.71599323e-02]
 [ 8.29613667e-02  4.52589430e-02]
 [-5.81937128e-03 -9.64373293e-02]
 [ 9.89850280e-02 -4.96871277e-02]
 [-3.69260175e-02 -5.92175957e-02]
 [-4.28660443e-02 -6.94539086e-02]
 [ 2.11007807e-02  2.35989582e-02]
 [-2.38587160e-02 -6.87663074e-02]
 [-7.61895560e-02  2.22027014e-02]
 [ 8.99230772e-02 -5.07911346e-02]
 [ 6.94018960e-02 -6.57745599e-03]
 [ 8.21178902e-03 -1.59184226e-02]
 [ 6.92594241e-02  6.25943561e-02]
 [ 5.71236508e-02 -9.99559291e-02]
 [ 9.46059731e-02  9.15651617e-02]
 [ 5.15342494e-03  7.34446433e-02]
 [ 3.85910394e-02  6.98058684e-02]
 [-1.14169480e-02 -8.58665771e-02]
 [-8.17290584e-02 -7.43997958e-02]
 [ 7.36287704e-02 -4.19210765e-03]
 [-3.97066664e-02  8.81238602e-02]
 [-5.29623412e-02  5.51027917e-02]
 [ 7.89661266e-02  5.50295409e-03]
 [ 2.64748500e-02  2.31418441e-02]
 [ 9.08521741e-02  9.88325488e-02]
 [ 1.66067173e-02 -3.68156810e-02]
 [-5.77184545e-02  7.09011238e-02]
 [ 7.02948725e-02  1.83703565e-02]
 [-1.54097496e-02 -1.29589150e-03]
 [ 6.84275395e-02 -6.26838780e-03]
 [ 8.95455283e-02 -3.73057090e-02]
 [ 6.55091155e-02 -7.23847739e-02]
 [ 4.20056286e-02  6.97955176e-02]
 [-3.04371535e-02  2.65190884e-02]
 [ 6.31473089e-03 -3.80264511e-02]
 [ 6.34269716e-02 -6.89689188e-02]
 [ 7.73120789e-02 -9.03578265e-02]
 [-4.83233885e-03 -2.55521345e-02]
 [-2.71197380e-02 -9.93096985e-03]
 [ 6.72654477e-02 -4.86296448e-02]
 [-9.13507254e-03  5.05438391e-02]
 [ 4.43593734e-02  6.13759400e-02]
 [-9.16741377e-02 -8.93058734e-02]
 [-9.02901692e-02  2.47678746e-02]
 [-9.11578420e-02  7.84630913e-02]
 [-2.68342626e-02 -2.81157393e-02]
 [ 3.29846209e-02  3.90586380e-03]
 [ 1.46890752e-02  3.44184842e-02]
 [-8.16965766e-02 -4.04879916e-02]
 [-9.95909625e-02 -8.58965370e-02]
 [ 3.70593500e-02  1.81641911e-02]
 [-2.53588309e-02 -5.73476594e-02]
 [-5.26905891e-02  2.03544880e-04]
 [ 1.93072636e-02  8.30604027e-02]
 [ 7.92981947e-03  3.90784933e-02]
 [-1.19655072e-02  8.66910249e-02]
 [ 2.95367583e-02  3.31244010e-02]
 [ 7.66835751e-02 -4.31659783e-02]
 [ 1.75917756e-02 -1.06525591e-04]
 [ 9.42716391e-02 -9.71966839e-02]
 [ 4.66875208e-02 -3.13959970e-02]
 [-7.37717183e-02  6.90732084e-02]
 [-2.94713277e-02  6.45139911e-02]
 [-2.30196841e-02 -8.25988812e-02]
 [-6.04103930e-02  8.08734363e-03]
 [ 2.42169395e-02 -2.06866455e-02]
 [ 2.03801858e-02 -7.69650471e-02]
 [-8.32129540e-02  5.61509438e-02]
 [-5.86886669e-02 -4.89049677e-02]
 [-5.40503521e-02  4.69356187e-02]
 [ 7.51877536e-02  9.09537475e-03]
 [-9.00695349e-03 -1.10807338e-02]
 [-9.56050663e-02  1.88616142e-03]
 [ 1.68126145e-02  3.85383439e-02]
 [-1.32178549e-02 -1.91311810e-02]
 [-5.04592861e-02 -6.85514310e-02]
 [ 7.54303167e-03 -1.35928731e-02]
 [ 4.39949548e-02 -2.57056290e-02]
 [-9.86888073e-02  1.68922633e-02]
 [ 7.82068744e-02  5.94296643e-02]
 [ 8.07272181e-02 -7.69465221e-03]
 [ 3.10279688e-02  4.10805453e-02]
 [ 8.47877057e-02 -2.73109051e-03]
 [ 4.58023077e-02  2.43002873e-02]
 [-2.45875621e-02  7.25557589e-02]
 [ 4.81448455e-02 -2.60471106e-02]
 [-4.54074999e-02 -6.07278361e-02]
 [ 5.37569711e-02 -1.94058595e-02]
 [-7.31707363e-02 -6.13761993e-02]
 [ 6.03521217e-02 -2.87989204e-02]
 [-8.95596098e-02  2.51997025e-02]
 [ 4.20213947e-02  4.17005313e-02]
 [ 4.84737389e-03  6.49251600e-02]
 [ 1.95844264e-02  3.73179673e-02]
 [-8.15301620e-02  1.98919734e-02]
 [-2.30608347e-02  8.81957216e-02]
 [-6.52336899e-02 -9.38594872e-02]
 [ 7.47765848e-02 -9.23824528e-02]
 [ 7.23551371e-04  4.40045750e-02]
 [-9.23069367e-02 -9.14959003e-02]
 [-9.57186133e-03 -5.82105478e-02]
 [-1.35102554e-03  3.48127243e-03]
 [ 2.00626622e-02  3.94955292e-03]
 [-4.45048224e-02  9.11574620e-02]
 [ 1.22935254e-02 -2.64192447e-03]
 [ 1.63033694e-02 -6.55414813e-03]
 [-3.22855552e-02  7.78432362e-02]
 [-7.88684823e-04  5.54949698e-02]
 [-4.19522179e-02  4.00373989e-02]
 [ 6.86573983e-02 -5.36432380e-02]
 [ 9.88033613e-02 -8.36420226e-02]
 [-4.19434770e-02 -4.39863158e-02]
 [-2.16320205e-02 -4.44695751e-02]
 [ 6.63669578e-02  9.81917403e-02]
 [-3.89037718e-02 -2.36462012e-02]
 [ 4.13064289e-02 -1.75491674e-03]
 [ 3.05529215e-02 -3.19604187e-02]
 [ 2.30747439e-02 -4.71142845e-02]
 [ 1.48801769e-02 -1.58886824e-02]
 [ 6.20557637e-02 -9.56021276e-02]
 [ 8.76207401e-03  1.93291851e-02]
 [ 6.36633697e-02 -9.19956421e-02]
 [ 3.59792090e-02  3.59456350e-02]
 [-7.94546616e-02  2.67531251e-02]
 [-1.11013708e-02 -4.27829685e-02]
 [ 2.34953991e-02  5.19221830e-02]
 [ 9.70123891e-02  3.03497402e-02]
 [ 2.19764794e-02 -1.25258835e-02]
 [ 6.99386915e-02 -2.71317383e-03]
 [-7.70190889e-02 -5.23675440e-03]
 [ 9.76968284e-02  9.53940384e-02]
 [ 4.73443661e-02 -1.82475552e-02]
 [-9.34899797e-02 -7.11457923e-02]
 [-3.59225397e-02 -9.46497723e-02]
 [ 5.36465427e-02  1.41285836e-02]
 [-7.34150155e-03  4.99455339e-03]
 [ 3.82136018e-02 -2.13555054e-02]
 [-7.30560892e-02  3.00131176e-02]
 [-9.53930897e-02 -7.51303137e-02]
 [ 9.87303060e-03 -3.09608061e-02]
 [ 8.20029146e-02 -6.04194311e-02]
 [ 9.04281360e-02  4.50130856e-02]
 [-2.06356871e-02 -7.99743217e-02]
 [-5.72331333e-02  1.11966068e-02]
 [ 4.87331237e-03  5.21574220e-02]
 [-6.46618593e-02 -9.63004565e-02]
 [-7.86594115e-02  1.68039649e-02]
 [-8.70564844e-02  4.75764639e-05]
 [-6.05676729e-02  6.61211546e-02]
 [-4.87172183e-02 -2.39767336e-02]
 [ 9.31486353e-02 -2.84714997e-02]
 [ 1.35126156e-02 -1.50183255e-02]
 [ 4.86848141e-03 -2.00160179e-02]
 [ 2.36895352e-02  4.82228132e-02]
 [ 3.31248815e-02  9.56786675e-02]
 [-1.06290738e-02 -9.92844387e-02]
 [ 1.79385635e-02 -9.02186147e-02]
 [-9.22436719e-02 -2.83036660e-02]
 [-3.46159980e-02  3.42183255e-02]
 [ 2.14163453e-02 -4.81589060e-02]
 [ 9.91669851e-02 -3.98229902e-02]
 [-5.70446752e-02 -7.73676833e-02]
 [ 7.50146018e-02 -8.35891490e-02]
 [-5.71831657e-02  2.88072791e-02]
 [ 7.90787751e-02  2.63388886e-02]
 [ 6.88163940e-02 -8.71573225e-02]
 [-9.44091922e-02  2.86482363e-02]
 [-7.64750672e-02  5.52922197e-02]
 [ 8.53260799e-02 -3.16790049e-02]
 [-5.45976013e-02 -3.51353444e-02]
 [-4.24029668e-02 -2.38033344e-02]
 [ 3.29337623e-02 -8.95355196e-02]
 [ 2.78305662e-02 -8.08689523e-03]
 [-4.38533061e-02 -7.54332620e-02]
 [-4.31858727e-02  5.28958997e-02]
 [-5.94190073e-02 -5.74586465e-02]
 [-9.92158609e-02  9.87921480e-02]
 [-6.76663594e-02  6.29370024e-02]
 [ 4.13522682e-02 -8.41415492e-02]
 [-6.84628452e-02 -9.70533899e-02]
 [ 2.95274278e-02  5.22331021e-02]
 [-5.86789733e-02 -1.63449228e-02]
 [-8.89655148e-02 -7.84755067e-03]
 [ 8.14079605e-03 -6.11699964e-02]
 [-6.25767997e-03  9.30892201e-02]
 [ 4.05396860e-02  1.08488742e-02]
 [-9.55669009e-02  5.42437699e-02]
 [ 6.56814857e-03 -4.37527687e-02]
 [ 5.46451768e-02 -2.31670034e-02]
 [ 3.97021085e-02 -5.16295829e-02]
 [ 3.83329825e-02  9.44546379e-02]
 [-6.66102783e-02  8.23807473e-02]
 [-8.08503247e-02 -6.08017779e-02]
 [-5.85314459e-02 -5.84546127e-02]
 [ 6.23638906e-02  6.57249771e-02]
 [ 4.22197877e-02  9.13023816e-02]
 [-1.40324696e-02 -3.05343589e-02]
 [-4.58615277e-02 -1.47793559e-02]
 [-7.07506456e-03  5.80411488e-02]
 [ 2.24732727e-02  2.08523897e-02]
 [ 9.27287382e-02  8.13211262e-02]
 [ 8.53392835e-02 -9.73323320e-02]
 [-6.33340629e-02 -6.75761634e-02]
 [ 3.38858581e-02 -4.26691075e-02]
 [ 1.20913890e-02 -7.85684103e-02]
 [-1.34613898e-03 -4.61899009e-02]
 [ 3.30027490e-02 -6.13182524e-02]
 [-5.54116626e-02  2.70739702e-02]
 [-5.28485433e-02 -7.01942342e-02]
 [ 2.27001771e-03  8.68468047e-04]
 [-9.46919684e-02  8.51518448e-02]
 [-9.95796495e-02 -6.16350104e-03]
 [ 5.39880765e-02  3.12740983e-02]
 [-8.09515818e-02  6.64441947e-02]
 [ 8.72562659e-02  8.78346137e-02]
 [ 5.07474611e-02  2.64758380e-02]
 [-3.54377964e-02  3.27180355e-02]
 [ 1.62108620e-02 -1.91557340e-02]
 [-9.92427624e-02  4.31078300e-02]
 [-6.15657476e-02  2.27833698e-02]
 [-3.47292127e-02 -4.98869328e-02]
 [ 6.92981088e-02  1.57031558e-02]
 [ 4.46374444e-02  7.69992829e-02]
 [-5.54197769e-02 -5.84880655e-02]
 [-9.84302288e-03  5.23855685e-02]
 [ 7.23855826e-02 -8.60876102e-03]
 [-7.99432293e-02 -6.91395142e-02]
 [-7.85959470e-02 -2.57179138e-02]
 [ 2.47697796e-04  2.08955399e-02]
 [-8.84470874e-02 -5.39659181e-02]
 [ 5.58164022e-02 -9.12627380e-02]
 [ 7.90928433e-02 -2.28326845e-02]
 [-4.56702746e-02  2.98279090e-02]
 [-6.10269017e-02 -9.42450655e-02]
 [-8.65319511e-02 -4.45038706e-02]
 [-3.82763936e-02 -1.15045090e-02]
 [ 8.89120669e-02  8.40689497e-02]
 [-8.17500195e-02 -6.06664999e-02]
 [ 9.00226578e-02 -7.58032487e-02]
 [-7.65101027e-02 -2.44874998e-02]
 [-6.10556139e-02 -7.71799363e-02]
 [-1.03477541e-02  4.36954638e-02]
 [ 3.78336085e-02  3.60998330e-02]
 [-5.66344167e-02 -8.39781169e-03]
 [ 7.40048637e-03 -8.25420841e-02]
 [ 2.82313452e-02 -4.86751540e-02]
 [ 4.32608594e-03  5.56456844e-02]
 [ 2.05748378e-02 -2.32389699e-02]
 [ 9.70585540e-02  7.13219247e-02]
 [ 9.83879035e-02  3.37955561e-02]
 [-7.63120403e-02  8.10648192e-02]
 [-1.81619801e-02 -7.82689093e-02]
 [ 4.24888174e-02  4.22488731e-02]
 [ 5.80107957e-02  5.34414848e-02]
 [-9.39991416e-02  7.64105762e-02]
 [ 7.67029233e-02 -3.43490636e-02]
 [-8.26969440e-02  2.54402270e-03]
 [ 4.73898051e-02 -8.39104603e-02]
 [-2.72464472e-02 -8.30883687e-02]
 [ 5.29721355e-02 -4.54584274e-02]
 [ 5.21392896e-02  7.53453625e-03]
 [ 8.18141061e-02  5.41144665e-02]
 [ 6.63208907e-02  2.46726100e-02]
 [ 2.09748282e-02  7.36901280e-02]
 [ 3.46330840e-02 -2.42801484e-02]
 [-2.82569660e-02 -6.76146766e-02]
 [-9.93834002e-02 -2.47764293e-02]
 [-4.53202073e-04  5.12398650e-02]
 [ 4.72988995e-02  6.67364066e-02]
 [-5.65355527e-02 -8.83073644e-02]
 [-1.48854294e-02  5.63683392e-02]
 [-6.51944044e-02 -2.48078972e-02]
 [ 5.66318407e-02 -8.34627792e-02]
 [ 8.44302181e-02  9.41728020e-02]
 [-6.06256919e-02 -2.36234125e-02]
 [ 8.16386971e-02 -7.29956452e-03]
 [-5.77177573e-02 -4.18879110e-02]
 [-3.52233965e-02 -5.30206548e-02]
 [ 2.90710721e-02  7.06524157e-03]
 [-3.85408917e-02  1.43491331e-03]
 [-6.87570519e-02  3.90280709e-03]
 [-7.43364151e-02 -2.02111068e-02]
 [ 9.51981726e-02  5.90365987e-02]
 [ 8.37064694e-02  9.92197654e-02]
 [-6.15198107e-02  1.19965892e-02]
 [ 2.87220029e-02  8.37728157e-02]
 [-1.37370491e-02  3.73064316e-02]
 [ 1.79422711e-02  1.92207656e-03]
 [-1.49246829e-02  3.13326681e-03]
 [ 1.76433414e-02 -4.12554876e-03]
 [ 7.88388214e-02 -3.92357662e-03]
 [ 7.06779083e-03  3.92156931e-04]
 [-7.22086942e-02 -5.11393624e-02]
 [ 6.35974400e-02  9.94026819e-02]
 [ 3.10217138e-02  6.90327165e-02]
 [ 8.83738162e-02 -5.25368369e-02]
 [ 7.07628266e-02  3.84062767e-02]
 [ 8.16607059e-02  4.54954185e-02]
 [-9.71725289e-02  5.87496375e-02]
 [ 5.97377390e-02  8.81575558e-02]
 [ 6.35850721e-02  1.27711750e-03]
 [ 7.84226643e-02  9.54552296e-02]
 [ 4.27184473e-02 -6.15252204e-02]
 [ 2.65906862e-02 -6.76815895e-02]
 [ 5.83498395e-02  2.80205720e-02]
 [ 7.00283522e-02  6.90828650e-02]
 [ 7.20368552e-02 -2.70310057e-02]
 [ 9.84506044e-02  3.36114835e-02]
 [ 3.24383545e-02 -1.11455928e-03]
 [-5.02195356e-02  4.09767184e-02]
 [ 6.82993932e-02  2.64919272e-02]
 [ 2.61308411e-02  8.41790073e-02]
 [-2.48865824e-02 -9.60890767e-02]
 [-9.50650473e-02 -4.61649138e-02]
 [-9.35693911e-02  2.93942158e-02]
 [-3.99825343e-02  9.71939599e-02]
 [-9.77323302e-02  8.74955081e-02]
 [-8.08826365e-02  9.83394323e-02]
 [-3.52574633e-02 -7.35105404e-02]
 [ 7.12286211e-02 -6.74042854e-02]
 [-9.22937859e-02  7.14347585e-02]
 [ 5.96791213e-02 -1.03104266e-02]
 [ 8.99224662e-03  2.45101314e-02]
 [ 1.76137780e-02 -1.01244782e-02]
 [ 3.83966033e-03  4.87948671e-02]
 [ 1.24709059e-02 -2.96997138e-02]
 [ 9.50765528e-02 -8.89185334e-02]
 [-6.71294001e-02  1.17478516e-02]
 [ 1.11896056e-02  8.58002070e-02]
 [ 5.05328564e-02  4.89083060e-02]
 [-9.98609277e-02  7.86944571e-02]
 [ 6.84768627e-02  5.53366403e-02]
 [-2.30638274e-02  5.93645952e-04]
 [-9.13990459e-02  5.38074789e-02]
 [ 9.75456282e-03  8.04329323e-02]
 [ 2.90683425e-03 -8.43636974e-02]
 [ 7.53628766e-02  8.61269127e-02]
 [ 9.08549450e-02  7.51928511e-02]
 [-9.91068081e-02 -2.17052205e-02]
 [-1.93758564e-02 -5.99334223e-03]
 [-3.05408654e-02  7.86942631e-02]
 [ 9.04079029e-02 -8.96778897e-02]
 [-5.23442863e-02 -7.46538216e-02]
 [-5.92495972e-02 -7.64661804e-02]
 [-2.21719759e-02 -1.45087916e-03]
 [ 7.85925578e-02  7.59894287e-02]
 [ 4.41125131e-02  6.68203411e-02]
 [ 5.53067407e-02 -9.90141217e-02]
 [-6.25210344e-02 -1.38096702e-03]
 [ 8.78144264e-02 -4.13097788e-02]
 [ 5.46486251e-02  9.64194912e-02]
 [ 2.21006083e-02  5.92359781e-02]
 [-6.23562706e-02  2.04429485e-02]
 [-4.14185437e-03  3.96453468e-02]
 [ 6.15859666e-03 -4.66399522e-02]
 [-1.06204698e-02 -3.90816980e-02]
 [-3.42926458e-02 -2.67763039e-02]
 [ 4.66456767e-02 -2.36600308e-02]
 [ 8.14908932e-03  3.04994048e-02]
 [ 5.11795467e-03 -9.95716819e-02]
 [-2.04247756e-02  9.80086781e-02]
 [-3.72593900e-02 -6.71661495e-02]
 [ 4.39479261e-02  4.25672000e-02]
 [ 6.10119142e-02 -4.16247850e-03]
 [-6.43697314e-02  4.62032585e-02]
 [ 7.55795508e-02  3.47624630e-02]
 [ 5.85689421e-02 -8.36507880e-02]
 [-1.45144031e-02 -2.63664457e-02]
 [-8.74081371e-02 -3.40262465e-02]
 [-3.16943568e-03 -1.35869193e-02]
 [-5.25962781e-02 -5.57733329e-02]
 [-1.13417228e-02 -6.90488439e-02]
 [-5.83554923e-02  9.93178337e-02]
 [-4.44747770e-02  2.71473524e-02]
 [ 9.20709814e-02 -8.36143090e-02]
 [-7.02775876e-02  5.28082855e-02]
 [ 9.81940990e-02 -2.10657869e-02]
 [ 9.82654143e-02  9.84268811e-02]
 [-7.61904079e-02  7.89508572e-02]
 [-6.08535005e-03 -6.51866086e-02]
 [ 1.30968921e-02  6.13982600e-02]
 [-9.45144081e-02  6.40040986e-02]
 [ 9.88158371e-02 -2.23043767e-02]
 [ 9.85408214e-02 -8.61068615e-02]
 [-9.99308780e-02  4.04844505e-02]
 [ 8.55881724e-03 -7.56514524e-02]
 [-7.48306339e-02 -5.15572884e-03]
 [ 3.64001321e-02 -9.62806146e-02]
 [ 8.80897439e-03 -7.34424688e-03]
 [ 5.95584014e-02  9.60962691e-02]
 [ 9.30203768e-03  6.41470346e-02]
 [ 3.72396442e-02 -6.97132900e-02]
 [-4.65578922e-02  7.03662527e-02]
 [ 6.00118209e-02  1.93062740e-02]
 [ 2.18437159e-03  4.69373775e-02]
 [-6.77906514e-02 -5.93860597e-02]
 [-1.49766697e-02 -4.88928519e-02]
 [ 9.31335200e-02 -6.23715110e-02]
 [ 4.09873557e-02 -2.54238669e-02]
 [-2.80194467e-02 -8.10718510e-02]
 [ 7.69783315e-02 -5.81344920e-02]
 [-9.29210181e-02 -4.38699754e-03]
 [-3.80541214e-03  1.99260327e-03]
 [-3.79725618e-02  4.18394080e-02]
 [-2.05614815e-02 -5.09665416e-02]
 [ 9.34153703e-02  8.87414174e-02]
 [ 6.23337471e-02  4.77625046e-02]
 [-7.64279400e-02  5.21894504e-02]
 [ 9.39185517e-02  9.12069651e-02]
 [ 2.02255575e-02 -2.82710274e-02]
 [ 3.30474665e-03 -1.76612796e-02]
 [ 7.64656531e-02 -2.45971420e-02]
 [-5.56448206e-02  4.26663317e-03]
 [-5.33755928e-02  2.00968010e-02]
 [-4.75150336e-02 -8.82285117e-02]
 [-2.23230063e-02 -2.37624595e-03]
 [ 6.95984773e-02 -1.18689409e-02]
 [ 5.46394183e-02 -7.50493996e-03]
 [ 8.89912002e-02 -5.78693159e-02]
 [-4.07743184e-02  9.69691119e-02]
 [-7.52436909e-02 -2.82795353e-02]
 [-9.01828579e-02 -3.08092539e-02]
 [-9.46232243e-02 -5.16940036e-02]
 [ 9.54229415e-02  5.90850535e-02]
 [-3.58156909e-02  5.28206487e-02]
 [ 1.18583743e-02 -2.33277092e-02]
 [-9.89469744e-03  2.84313994e-02]
 [-6.30490396e-02  7.02541568e-02]
 [-3.15634270e-02 -9.26834075e-02]
 [-9.00129558e-02  2.71845324e-02]
 [-3.42085441e-02  8.44295226e-02]
 [ 7.67755559e-02  9.87624657e-02]
 [ 2.32318610e-02  4.23809732e-02]
 [-5.82572139e-02  3.05317629e-02]
 [-7.77810508e-02 -6.75426973e-02]
 [-7.21910703e-02  9.75741449e-03]
 [-7.12852487e-02 -1.76126175e-02]
 [ 3.62103936e-02  3.89002839e-03]
 [-5.29970862e-02 -1.68949679e-02]
 [-5.48759026e-02  7.32051741e-02]
 [-7.64896850e-02  5.20522809e-02]
 [ 9.25263390e-02 -5.30031235e-02]
 [ 8.68178083e-02 -5.95189703e-02]
 [ 4.19232278e-03 -1.53495238e-02]
 [ 8.66781666e-02 -4.05283641e-02]
 [-2.76974400e-02  1.62629996e-03]
 [-6.59353297e-02  1.90205983e-02]
 [ 4.83666896e-02  6.23343156e-03]
 [ 5.40507081e-02  4.04507548e-02]
 [-1.29711931e-02  9.64913321e-02]]
poids de couche 2
[[-0.04102952  0.08668291]
 [ 0.0523224   0.07866811]]
poids de couche 3
[[ 0.06407834  0.04511515  0.04945096 -0.04035019 -0.0343089   0.03579251
   0.00293279  0.08057963 -0.01501058  0.05555194]
 [-0.09774829 -0.06874215  0.03195625  0.00075442 -0.02089391 -0.04457704
   0.09067022 -0.00352156 -0.08139333  0.04652027]]