# Poids couche 3: (100, 10)
#Neurone entrée 1
-0.2543045462
-0.3576395476
-0.3806494400
-0.0554874749
0.2120013673
0.2708108064
-0.1926030338
-0.0358534956
-0.3697999754
0.1521359171
# Neurone entrée 2
-0.3364343885
0.4486257617
-0.3690514117
-0.3817891598
0.1157881273
-0.0487112094
-0.1556531494
0.2360531967
-0.5574359501
-0.0633655029
# Neurone entrée 3
-0.0069608342
-0.0810927804
-0.5010568049
0.3002467504
0.2281111723
0.2771032788
0.1365989393
-0.1373503881
-0.2595452476
-0.1585691527
# Neurone entrée 4
-0.1603655587
-0.3043625642
0.3342129905
-0.4491602487
-0.1191735196
0.0100750071
-0.4554773892
0.2455959912
0.3201156419
-0.0726946527
# Neurone entrée 5
-0.3850261796
-0.1757386484
0.2946323020
-0.3047190500
-0.1617024558
-0.0094609354
-0.1703503919
-0.3181442025
-0.1708783682
0.4505616378
# Neurone entrée 6
0.3251017354
-0.1246161071
0.1155105496
-0.2244673453
-0.2686905314
-0.3569450330
0.1615846094
-0.0426224653
0.0986005299
-0.3795300115
# Neurone entrée 7
-0.1117319975
0.5426316632
-0.1851844433
0.1855352660
-0.3658294138
0.1406802783
-0.0644046956
-0.4027264582
-0.4214488815
-0.2311797978
# Neurone entrée 8
-0.0592230909
-0.0670049374
-0.1224645632
-0.0693369516
-0.2033707955
-0.0157800890
-0.3527938307
0.1132012906
-0.0730327424
-0.2564107237
# Neurone entrée 9
0.4430164521
-0.2698776296
0.1322106130
-0.0847437133
-0.1633187660
-0.2795264562
0.1735663464
-0.0644083602
-0.6193906534
-0.1623946735
# Neurone entrée 10
-0.1576365939
0.0637879901
0.0175324515
0.0123507528
-0.0630337903
-0.3104297877
-0.1721975901
-0.1080427251
0.3171417423
-0.0191384271
# Neurone entrée 11
-0.3835370181
-0.1104902561
-0.0381573608
0.0299308643
-0.2972602997
-0.0129489519
-0.1612455296
-0.3598274435
-0.2510675635
0.1748413353
# Neurone entrée 12
0.0156076100
-0.4438592595
-0.0812548085
-0.1590747039
0.0475614095
0.1046948107
-0.4630746477
0.2756838977
0.2690357682
-0.3394761261
# Neurone entrée 13
-0.2499962005
-0.5801364790
0.4347191822
-0.2411181026
0.0062215031
0.4166534766
-0.2992102347
-0.1777658323
-0.2664289446
0.2693376190
# Neurone entrée 14
0.0476153042
-0.3188756727
-0.4538890045
0.2959809246
0.0288397620
-0.0962291456
-0.3577552257
-0.4618352834
0.1137363478
0.1232767045
# Neurone entrée 15
-0.1532050477
-0.2873428298
-0.1965080688
-0.1016440819
0.1841395168
-0.0998512332
-0.0245127362
-0.0204128878
-0.3992615668
0.0865708029
# Neurone entrée 16
0.3381091065
-0.0631792280
-0.1026417532
-0.1794558231
-0.1113980185
-0.4663489261
-0.4545987681
0.2370457798
0.3752119113
-0.2373248660
# Neurone entrée 17
0.1864549523
-0.2917066033
-0.3782760303
-0.4865849404
0.4297718733
0.0678631908
-0.0769771572
-0.0254528981
0.2701840719
-0.2275451831
# Neurone entrée 18
-0.2194573339
-0.2472547251
0.3328475938
-0.4373238807
-0.3464804266
0.4766839853
0.3017547078
0.3330996841
-0.2969764148
-0.2349899318
# Neurone entrée 19
0.1534845849
-0.1457336142
-0.4276255355
0.0528116650
0.1794141831
-0.2788476208
-0.2032526176
-0.1942054262
-0.0771085281
0.1883248439
# Neurone entrée 20
0.0841658202
-0.0998170356
-0.1352526400
-0.0530318646
-0.3751141404
0.0066446959
0.0185506667
-0.1912473668
0.3471292017
-0.3068579507
# Neurone entrée 21
0.0491540331
0.1616342973
-0.0612371988
-0.3448426187
-0.2303549554
-0.3323566083
0.3277654963
-0.1546800665
-0.0275333366
-0.4846388704
# Neurone entrée 22
-0.0963459324
-0.1241264814
0.3187985352
-0.0355093964
-0.3966302837
0.3530624880
0.4321999202
-0.2423526256
-0.5547284873
-0.2051893585
# Neurone entrée 23
0.1744219574
-0.4453181769
-0.3842835649
0.1813200200
-0.0456887922
0.3217345232
0.2757385823
0.1793630932
-0.3639323038
-0.7682037754
# Neurone entrée 24
-0.1873992644
0.0095662277
-0.2221008207
-0.0588145816
0.2087367586
-0.0938809064
-0.0467897724
-0.1113568347
0.1628462824
0.1122067559
# Neurone entrée 25
-0.4543266500
0.2255415589
-0.6325883447
-0.3198728922
0.0718989226
-0.1120831805
-0.0600484496
0.0658551912
0.1614812043
-0.1727670151
# Neurone entrée 26
-0.2682565734
-0.4338082951
-0.3979566342
0.3711155460
-0.0167799619
-0.0650460809
-0.4554974885
-0.0940842607
0.2947241871
0.3442050444
# Neurone entrée 27
-0.4607185964
0.3021079247
0.0273722339
-0.0672236998
-0.0567646275
-0.3608356342
-0.1828009230
-0.0245955678
0.2206366225
0.1268318881
# Neurone entrée 28
-0.4088015813
-0.0038434308
0.2789573281
-0.1894679550
-0.3392196609
-0.3850391915
0.1032381592
0.2866928755
-0.0969880292
-0.1039225259
# Neurone entrée 29
-0.2188504776
-0.0869976732
-0.4581383172
-0.0243189356
0.0635961790
0.2039874011
0.2169113825
-0.3095180883
-0.0732145332
-0.3336029717
# Neurone entrée 30
-0.1730518603
0.0355456953
-0.4810302335
0.5096281171
0.2972530658
-0.2283035051
-0.0309868618
-0.5237173762
-0.0696989387
-0.3171082621
# Neurone entrée 31
-0.3314619611
0.1919562994
-0.0772507415
0.3331018565
-0.1195393941
-0.1757581735
-0.0962114753
-0.2979478786
-0.1076969668
0.1999160746
# Neurone entrée 32
-0.4809072568
-0.5214734819
0.2420985124
0.0008485602
0.2465786837
-0.1786429935
-0.4751083720
0.1640461398
0.0583102051
0.1074634606
# Neurone entrée 33
-0.4917904287
0.4283915374
-0.2835034094
-0.1605148441
-0.0607967247
-0.1623485275
-0.0473291716
-0.2125562166
-0.1295089494
0.2384421800
# Neurone entrée 34
-0.3305647769
0.0939090814
-0.2553211485
0.1760864526
0.2083494223
-0.1109386438
-0.3624130094
0.0202969830
-0.3680710825
0.1379405881
# Neurone entrée 35
-0.2103483895
-0.3305503813
-0.0707649154
-0.3605979786
0.1579909578
0.2023663364
-0.0255135637
0.2385867059
0.0682065959
0.0889903876
# Neurone entrée 36
-0.2590630485
-0.3077328148
0.3609910368
-0.1759798716
-0.0977533039
0.2306546668
-0.3315275185
0.0889400439
-0.1114475293
0.1864504254
# Neurone entrée 37
-0.0433180366
0.3200979667
0.1606500738
-0.5147926954
-0.2577972981
-0.0451006550
0.0974792558
0.0984197988
-0.4356613941
-0.0297951026
# Neurone entrée 38
-0.0507969887
0.3229757035
-0.3045333036
-0.3145318053
-0.0178155404
-0.3378908512
0.0838323701
0.1287031501
-0.2747144670
0.0315076211
# Neurone entrée 39
-0.1619272159
0.0159950647
0.2013535251
-0.2665493954
-0.0968967273
-0.2394553492
-0.2321537991
0.1334716642
-0.2070459067
-0.3476001838
# Neurone entrée 40
0.1418955320
-0.5313895368
0.0917312506
-0.1000149649
-0.1652852113
0.1324110553
-0.2455882487
-0.1491281533
0.3478692088
-0.5048430613
# Neurone entrée 41
-0.2170179342
-0.1950856791
-0.2974169384
0.0261709911
-0.0527803918
0.1432739479
-0.5483644350
0.3233015065
-0.2782252190
0.4189859652
# Neurone entrée 42
-0.1358073115
-0.0542754427
-0.2288708039
0.0694896762
-0.4090138165
-0.0642062471
0.0959343364
0.1526676113
-0.3543003627
-0.0564729361
# Neurone entrée 43
-0.3203659378
0.3670549666
-0.0482252446
-0.0865531489
-0.3070026252
0.2106261889
-0.1330637647
-0.5239325679
0.1367443745
-0.0035734938
# Neurone entrée 44
0.2039924897
-0.4286708092
-0.0858720893
0.1912992011
0.0630392370
-0.1351317530
0.2170324930
-0.5395328782
-0.0813171346
-0.4060040156
# Neurone entrée 45
0.0577778538
-0.5626128928
0.0730579139
0.2163127479
0.0132700029
0.1913725157
0.0897039784
-0.1283986425
-0.4847299861
-0.2583464666
# Neurone entrée 46
0.1027435134
-0.0744200821
-0.0002301368
-0.0216195724
0.0395628665
-0.3788708774
-0.1595632023
0.1975039105
0.2019423925
-0.4875735302
# Neurone entrée 47
-0.6687464912
0.2719831194
-0.1743494380
0.2408116631
-0.2219344286
-0.3125882187
-0.3527964747
0.0858841305
0.3339206479
-0.1473193779
# Neurone entrée 48
-0.2273551418
-0.0163893237
-0.0587637037
-0.3728530802
-0.3074704964
0.2399034252
-0.3466590084
0.3304923592
-0.1798964000
0.3901809193
# Neurone entrée 49
0.2994720230
-0.3159314910
-0.3487524619
0.4035334280
-0.1892862719
-0.1765803481
0.2410205974
-0.5782010513
0.2066497007
-0.3812557688
# Neurone entrée 50
-0.0855319669
-0.4009614885
0.1286199266
-0.1878397497
0.0785238439
0.0625998715
0.0784222341
-0.1746845221
-0.2128021177
-0.1753390554
# Neurone entrée 51
0.0705449593
-0.1194428344
-0.5208620980
0.3914578794
0.1725878708
-0.1903948523
-0.0824393314
0.0748133864
-0.1357480777
-0.1109081038
# Neurone entrée 52
0.2498865216
-0.1308895749
0.2463290890
-0.4347118469
-0.0200978617
-0.2160594282
-0.6309704072
0.0514495227
0.0454026880
0.2941930045
# Neurone entrée 53
-0.1506318639
-0.2390609811
0.0051467577
0.1191645124
-0.4089759345
-0.0360346242
0.3165374112
-0.4242821889
-0.1283409490
-0.0717309987
# Neurone entrée 54
0.0209753116
-0.1537486841
-0.1355288344
-0.1594515777
-0.1110248780
-0.0355785309
-0.1354905558
0.2171124453
-0.0179016636
0.1249294394
# Neurone entrée 55
-0.0375507811
0.0447398432
-0.1067808859
-0.0939762058
-0.3735551170
-0.2409568784
0.0895502158
0.1309720738
0.1424109981
-0.4504837186
# Neurone entrée 56
0.2499689654
-0.2171363376
-0.4049058725
-0.2425119352
0.1660804918
-0.0378767579
0.0447594708
0.2039061355
-0.5312035517
-0.2341020177
# Neurone entrée 57
-0.2205093531
0.4550919264
-0.2819974538
0.0250801925
-0.0958907080
-0.1823499685
0.2556215023
-0.2178476454
-0.2043914201
0.0355621515
# Neurone entrée 58
-0.2152557136
-0.1907792645
-0.6395959923
0.0087663534
0.3603786627
0.3509915900
0.0278246246
0.2595947000
-0.5038343967
0.0284843044
# Neurone entrée 59
-0.0047267277
-0.2570990814
-0.0763366468
-0.0976459773
0.1119660574
0.2428273014
-0.1378331984
-0.1774092668
0.2849907684
-0.2509321434
# Neurone entrée 60
-0.3427921761
0.2037288408
-0.0519577507
-0.3669042610
-0.1113721930
-0.2887875500
-0.1898266423
0.1324842537
0.1655089473
-0.2424370688
# Neurone entrée 61
0.0803191598
-0.1312611449
-0.5332525245
0.0329891273
0.2670795729
-0.2935548838
-0.3862090859
0.2072471376
0.0082458813
0.0020166563
# Neurone entrée 62
0.2805626001
-0.1826222542
-0.1048644225
-0.4118371165
-0.1252616034
0.0330559589
0.1724618952
-0.4210802185
0.4497363551
-0.4658395112
# Neurone entrée 63
-0.0681726842
-0.1595013917
-0.0012149415
-0.2000661649
-0.0050943921
-0.1800349307
0.2129731672
0.0062942611
0.1566570718
-0.2150483608
# Neurone entrée 64
0.1107887066
0.0980988112
-0.1766490603
-0.2602485627
-0.2932393487
-0.0144105144
-0.1311353947
0.0369045828
-0.1294635408
-0.1028906226
# Neurone entrée 65
0.0094620127
-0.4478027086
0.1602197069
-0.2021881010
0.1617629226
0.2054545707
-0.2226288905
0.3705176965
-0.1803130856
-0.1237821347
# Neurone entrée 66
-0.3612030582
-0.1537696250
-0.3261416116
-0.1551429016
0.2966734297
-0.0241265987
-0.2789798808
-0.2567275148
0.0553567720
0.5492758556
# Neurone entrée 67
0.3234035005
0.0698957993
-0.4004866257
-0.0947957383
-0.1001174187
-0.4564914114
-0.2420496243
0.0973102781
-0.0266134041
-0.3500166960
# Neurone entrée 68
-0.1769352962
-0.0517519944
0.0098075368
-0.3141062819
0.1556372336
0.1155672592
-0.0615043003
0.1110909062
-0.3133370014
-0.1581058871
# Neurone entrée 69
0.3847197191
-0.2984310046
0.1819135262
-0.4364150802
0.0035678709
-0.3844400360
-0.1262297969
-0.0336222601
-0.0188196844
-0.3208371964
# Neurone entrée 70
-0.3157706861
-0.2496190302
0.0450599891
-0.1609763908
0.3068944123
0.0588255896
-0.1589686526
-0.0300376694
0.1845686582
-0.1370309194
# Neurone entrée 71
-0.0135948821
0.3327195465
0.2885417769
-0.1507350029
-0.4570375644
-0.5207303657
0.0440516247
-0.1023890831
-0.5231024464
0.0076216945
# Neurone entrée 72
0.2805624271
-0.2697137406
-0.0048828276
0.2435541305
-0.2127604367
-0.2050588174
-0.6359695414
-0.3630466315
0.0331967753
0.1259757292
# Neurone entrée 73
0.1770440084
-0.2637447620
-0.2479334683
0.0651537121
-0.0746813953
0.1596319632
0.1643183728
-0.1149521668
-0.0729104223
-0.2810154223
# Neurone entrée 74
-0.1533073962
0.3772926901
0.0110920748
0.3503574282
-0.0196690895
-0.5078209456
0.1365329022
-0.2072315428
-0.2988956495
-0.1895076609
# Neurone entrée 75
-0.2325327466
-0.1478691674
0.5429046681
-0.0916549503
-0.2749784152
-0.1243644240
-0.2277064342
0.0601548796
0.1199457636
0.0773687098
# Neurone entrée 76
-0.0967256995
0.1483728506
-0.1951628345
0.1629956964
0.2503437630
-0.3994612022
0.1120346672
-0.0295428952
-0.0329587454
-0.1537471092
# Neurone entrée 77
-0.3038817826
-0.2050041014
0.1113874114
-0.1432993878
-0.0495497483
-0.0018493559
-0.2066959499
-0.6501975235
0.1782940865
0.0006421728
# Neurone entrée 78
0.0639691492
-0.1078166274
0.0997496156
-0.2029100222
-0.1303601874
-0.0292259615
-0.2655449726
0.4176371739
-0.2579144478
-0.0794273070
# Neurone entrée 79
0.1436979343
0.2196005398
0.0866449981
-0.4092715362
-0.0605434426
-0.4239980644
0.0781857967
-0.3856955894
-0.2110762391
-0.1903118249
# Neurone entrée 80
-0.3370162850
-0.0084278019
0.2201282690
0.0531793629
-0.4655493222
0.2685429797
0.3056188221
-0.3732281728
-0.3023860158
-0.0853574219
# Neurone entrée 81
-0.2701014473
-0.2887674990
-0.1994211464
0.2541574532
-0.3729442289
0.2051636723
0.3998087252
-0.5679556568
0.1715883408
-0.4012891473
# Neurone entrée 82
0.2747700102
-0.2305100738
0.3999515854
-0.1961408120
-0.1981254644
-0.2769808511
0.2125199923
-0.2654121979
-0.1497402059
-0.2469002324
# Neurone entrée 83
-0.6667956730
0.2719263521
-0.4311115967
0.3834389461
-0.0225962903
-0.1485524268
-0.4720489944
0.1752794145
-0.1800988519
0.3245853022
# Neurone entrée 84
0.2380986082
-0.2230241110
-0.2708258416
0.1942297955
-0.0086108552
-0.1094351410
-0.4869206859
-0.3833160758
0.0812260915
-0.0887593087
# Neurone entrée 85
-0.0626171368
0.3641236144
0.2309862244
-0.4875978941
-0.4010891847
-0.4143862737
-0.1672412604
-0.0489639787
-0.1421103841
0.0839398760
# Neurone entrée 86
-0.2726972393
-0.4081794644
-0.1800411063
-0.1249547946
-0.2965107463
0.5166433515
0.1557087151
-0.0441306208
-0.0621985318
-0.0195137491
# Neurone entrée 87
-0.1683123073
-0.4699391512
0.0310270472
-0.1958115197
-0.0955672613
-0.1757192608
-0.1473111240
0.0421635328
0.0394737665
0.2699843270
# Neurone entrée 88
-0.5187147137
0.0284336145
-0.2591489828
-0.1541718139
0.1032831368
0.1865783082
0.2457538086
-0.5587183008
0.2140652189
-0.0084393600
# Neurone entrée 89
-0.4077422161
-0.2167242888
-0.0778230476
0.0844238301
-0.0049420163
0.0140854470
0.0754299348
-0.2750310129
0.2259664445
0.0453424483
# Neurone entrée 90
0.1962627622
-0.1524479922
-0.1182566559
-0.2696792018
-0.1197082340
-0.0713563379
0.1342337528
0.4711883347
-0.1193361379
-0.5356130064
# Neurone entrée 91
0.0224035300
-0.0786821193
-0.2179407009
-0.2603584578
-0.0378765807
-0.3410521513
-0.0713111270
-0.0353327593
0.4191210263
-0.1250627955
# Neurone entrée 92
-0.0082453307
0.0935768493
-0.0488498918
-0.1262201030
0.1508369290
0.0094481249
0.0295686594
-0.2394260956
-0.3722951020
-0.2365743411
# Neurone entrée 93
0.3289440458
-0.1243511308
-0.3178414937
0.0629432836
0.0741254119
-0.1069773302
-0.1756794057
-0.1776665427
-0.3384865349
-0.2092056982
# Neurone entrée 94
-0.0408776810
-0.0032609468
0.0723662458
0.4548347284
-0.2224990677
-0.3731087953
0.0875148287
-0.3751707518
-0.2049638791
-0.1347541880
# Neurone entrée 95
-0.2663082527
0.1966737474
0.1302508090
-0.3011242542
-0.4010349360
0.1943869754
0.0447972851
-0.1466697794
-0.1391018528
0.1150168050
# Neurone entrée 96
-0.3830623340
-0.4230990920
0.0934283386
-0.3244463485
0.1249843137
-0.3739316129
-0.1981782158
-0.3669518695
0.4105304939
0.1400221208
# Neurone entrée 97
0.2262932988
0.0015979030
0.1606199944
0.0227237835
-0.4800869924
-0.1495412020
-0.2705199221
0.2089649777
0.1586243743
-0.5074626300
# Neurone entrée 98
-0.4585812168
0.0642014954
-0.2003319843
0.0016662375
0.0745404430
-0.3705113756
0.0716726345
0.0305909342
-0.1521871988
0.0586594948
# Neurone entrée 99
-0.4489254722
0.0245968391
0.2005481072
-0.6190634423
-0.4277310149
0.1820177104
0.1230697465
-0.4329994837
0.0611229735
0.5264934076
# Neurone entrée 100
-0.4444871650
0.3152042868
0.3598341286
0.2092821444
-0.2404592685
-0.1013096515
-0.2402545534
-0.1653802008
-0.3045258828
0.0558828958
# Neurone entrée 101
