# Poids couche 2: (10, 10)
#Neurone entrée 1
-0.0121996368
-0.0863614250
0.0996914096
0.0568713274
0.0375691167
0.0795114673
0.0899086631
-0.0018222934
-0.0839202690
-0.0997592603
# Neurone entrée 2
-0.0387836208
0.0150748858
0.0688214159
-0.0239497189
-0.0091001051
-0.0769263238
-0.0116796833
0.0199050068
0.0942788527
-0.0191184037
# Neurone entrée 3
-0.0452395802
-0.0950859687
0.0734459657
0.0401129053
0.0565917870
0.0762833721
-0.0320125112
0.0020964014
0.0818241851
-0.0018707122
# Neurone entrée 4
-0.0168742867
-0.0713858880
0.0032583225
-0.0848606319
-0.0059264971
-0.0213449027
0.0759407234
-0.0675028948
-0.0216562532
-0.0468055012
# Neurone entrée 5
-0.0970724093
-0.0579696799
-0.0670479539
0.0138128174
0.0964990725
-0.0702879141
-0.0442990527
0.0663480559
0.0626086645
-0.0933143465
# Neurone entrée 6
0.0352214822
-0.0556831721
0.0471587954
0.0170970635
0.0246854651
-0.0507607578
0.0318612064
-0.0340289850
-0.0351165292
0.0771427884
# Neurone entrée 7
-0.0237958784
-0.0062784857
0.0426345007
-0.0381679641
0.0692461904
-0.0442199665
0.0337966716
0.0827502557
0.0864890133
0.0751483161
# Neurone entrée 8
-0.0457473602
0.0798303035
-0.0615244239
-0.0342990350
0.0927094144
-0.0816594969
-0.0309179236
-0.0336574472
0.0669911351
0.0923236828
# Neurone entrée 9
0.0250772394
-0.0431452109
0.0249110670
0.0850056994
0.0268736073
0.0705487803
-0.0846949846
-0.0323115730
-0.0331354486
0.0973618368
# Neurone entrée 10
0.0129681959
0.0236076862
0.0769142341
0.0150506821
0.0409227603
-0.0699287421
0.0351107969
0.0034511087
0.0684324069
-0.0774685033
# Neurone entrée 11
